-7.787500000000012967e+00,-4.924499999999869146e+02,-7.380499999999888132e+02,-6.697750000000060027e+02,-1.655000000000006253e+02,-3.892624999999969759e+02
-1.585000000000000000e+02,-7.051499999999908823e+02,-6.049000000000050932e+02,-6.040500000000004093e+02,-5.248374999999878128e+02,-5.637500000000003730e+00
-8.081000000000027512e+02,-8.157375000000195087e+02,-3.832500000000047748e+02,-9.696500000000071395e+02,-5.489749999999938836e+02,-9.523750000000102034e+01
-4.813499999999975785e+02,-1.215125000000008555e+02,-3.152500000000084128e+02,-6.509000000000086175e+02,-5.937499999999965894e+02,-1.200000000000001510e+00
-7.675000000000000000e+02,-3.301750000000053547e+02,-3.140500000000140517e+02,-2.858500000000009322e+02,-1.591374999999922579e+02,-1.313000000000016030e+02
-8.681500000000028194e+02,-1.693374999999916213e+02,-3.176999999999995907e+02,-2.790499999999990450e+02,-2.275000000000002132e+00,-3.137499999999992184e+01
-4.540999999999923489e+02,-5.911250000000279670e+01,-3.180999999999953047e+02,-3.064999999999994884e+02,-5.599999999999998757e+00,-8.699999999999992184e+00
-3.481875000000001137e+02,-3.786250000000028137e+01,-2.755499999999962029e+02,-3.243499999999944521e+02,-1.381249999999980282e+01,-5.662500000000011191e+00
-4.648249999999970896e+02,-2.008750000000017053e+02,-2.592999999999930765e+02,-3.253875000000026603e+02,-5.212500000000034994e+00,-5.300000000000007816e+00
-5.650499999999984766e+02,-1.141249999999990372e+01,-4.597500000000071054e+02,-2.204250000000093053e+02,-1.161249999999977511e+01,-2.650000000000004352e+00
-4.640999999999944521e+02,-1.043875000000047208e+02,-2.750999999999952479e+02,-2.511999999999900979e+02,-4.812500000000006217e+00,-2.087499999999997691e+00
-4.537499999999938041e+02,-3.565000000000015490e+01,-2.933999999999980446e+02,-2.531999999999907516e+02,9.749999999999876543e-01,1.924999999999996048e+00
-5.153999999999962256e+02,-8.018750000000163425e+01,-2.980499999999949523e+02,-2.201250000000093223e+02,-6.225000000000010303e+00,-7.200000000000047251e+00
-4.216499999999921329e+02,-1.184000000000062300e+02,-3.005500000000010346e+02,-2.547499999999909051e+02,-5.337500000000002132e+00,-3.762499999999997069e+00
-2.504499999999900979e+02,-1.049374999999963194e+02,-3.204499999999954412e+02,-2.797499999999985221e+02,-6.387500000000000178e+00,-1.212499999999995248e+00
-2.502499999999900808e+02,-2.843374999999976467e+02,-2.928500000000009891e+02,-2.504499999999901547e+02,5.112499999999998046e+00,2.274999999999991918e+00
-2.604999999999924398e+02,-4.799999999999862865e+01,-2.682999999999964302e+02,-2.521999999999904674e+02,-2.125000000000002220e+00,-1.187500000000000666e+00
-2.503999999999901434e+02,-3.633750000000013358e+01,-2.659999999999952252e+02,-2.506499999999901434e+02,2.212499999999997247e+00,1.912499999999997868e+00
-2.623999999999926445e+02,-7.649999999999883116e+00,-2.506499999999902002e+02,-2.505999999999900751e+02,-4.712499999999997691e+00,-9.250000000000023759e-01
-2.504999999999901092e+02,-6.775000000000019895e+00,-2.509499999999901263e+02,-2.504499999999900979e+02,-2.837500000000009237e+00,5.537500000000000533e+00
-2.501999999999900979e+02,-5.130000000000205063e+01,-2.505999999999901320e+02,-2.502499999999900808e+02,-6.700000000000010836e+00,-5.625000000000004441e+00
-2.575999999999918941e+02,-2.676249999999943086e+01,-2.570499999999909733e+02,-2.503999999999901434e+02,1.362499999999999600e+00,-4.825000000000001066e+00
-2.620999999999928036e+02,-4.625000000000190425e+01,-2.505999999999900751e+02,-2.607499999999907345e+02,-1.562500000000000000e+00,-3.900000000000078160e+01
-2.546999999999909789e+02,-3.704999999999986926e+01,-2.533499999999905583e+02,-2.576999999999897000e+02,-5.550000000000008704e+00,4.800000000000000711e+00
-2.535999999999908425e+02,-1.113749999999985008e+01,-2.504499999999901547e+02,-2.508999999999902286e+02,-1.887500000000004619e+00,9.999999999999873435e-01
-2.623999999999938950e+02,-3.973749999999995453e+01,-2.502999999999901206e+02,-2.500999999999900751e+02,-2.362500000000006040e+00,-2.062500000000020428e+00
-2.547999999999910301e+02,-4.196250000000059543e+01,-2.541999999999904105e+02,-2.714999999999911893e+02,-1.037500000000000755e+00,1.049999999999999378e+00
-2.510499999999902059e+02,-6.275000000000049205e+00,-2.521999999999904674e+02,-3.441500000000186219e+02,1.624999999999996447e+00,5.724999999999990763e+00
-2.516499999999903707e+02,-6.175000000000030020e+00,-2.539499999999901831e+02,-2.636999999999944748e+02,-2.737500000000007816e+00,-5.625000000000005329e+00
-2.510499999999900353e+02,-1.587500000000001465e+00,-2.522499999999905071e+02,-2.504499999999901263e+02,-3.650000000000008349e+00,-1.137499999999997513e+00
-2.518499999999903309e+02,-2.711249999999902371e+01,-2.518499999999904162e+02,-2.502999999999900922e+02,1.999999999999998890e+00,-1.575000000000000178e+00
-2.514499999999902684e+02,-3.613749999999976836e+01,-2.575999999999916099e+02,-2.502499999999901092e+02,-9.750000000000003109e-01,-5.250000000000012434e-01
-3.030499999999926217e+02,-2.896249999999921343e+01,-2.813499999999991132e+02,-2.510499999999900069e+02,2.549999999999997158e+00,-4.837500000000005684e+00
-4.123000000000017735e+02,-3.299999999999974420e+01,-2.948500000000022396e+02,-2.538499999999897341e+02,-5.062500000000004441e+00,5.749999999999992895e+00
-2.592999999999927354e+02,-1.448749999999987637e+01,-2.507999999999901775e+02,-2.503999999999901149e+02,-2.725000000000008527e+00,-4.962500000000008349e+00
-2.531499999999902570e+02,-9.137499999999997513e+00,-2.503499999999901320e+02,-2.503999999999901149e+02,-5.425000000000004263e+00,-3.192499999999914451e+01
-1.864624999999946056e+02,-5.637500000000009059e+00,-2.502999999999900922e+02,-2.503499999999900751e+02,-4.442500000000055138e+01,2.874999999999994671e+00
-2.530499999999903196e+02,-7.843750000000004263e+01,-2.504999999999900524e+02,-2.539499999999907232e+02,9.637500000000002842e+00,-2.912500000000002309e+00
-2.258125000000108002e+02,-4.226250000000148788e+01,-2.504499999999900695e+02,-2.500999999999900751e+02,-1.624999999999999778e+00,2.387499999999993960e+00
-2.402250000000052239e+02,-2.997499999999931219e+01,-2.501999999999900695e+02,-2.569499999999910642e+02,-2.212500000000006573e+00,6.324999999999993960e+00
-2.382125000000022794e+02,-3.406249999999960210e+01,-2.505499999999900922e+02,-2.501999999999900695e+02,5.712499999999987921e+00,-3.375000000000003109e+00
-1.702500000000003411e+02,-3.053750000000008669e+01,-2.503999999999901149e+02,-2.502999999999900922e+02,2.237499999999984723e+00,-2.350000000000005862e+00
-2.238125000000091802e+02,-4.370000000000211315e+01,-2.505499999999900922e+02,-2.503499999999901036e+02,1.862499999999999378e+00,-2.674999999999997602e+00
-1.955624999999917577e+02,-5.925000000000509459e+01,-2.512999999999902059e+02,-2.502999999999901206e+02,2.187499999999991118e+00,-3.050000000000004263e+00
-2.224500000000095383e+02,-6.275000000000034106e+00,-2.524999999999903082e+02,-2.506999999999901831e+02,-1.891249999999962128e+01,9.874999999999918288e-01
-2.511499999999901434e+02,-1.366249999999971898e+01,-2.511999999999903253e+02,-2.539499999999896716e+02,1.699999999999999289e+00,-1.008749999999992042e+01
-2.507999999999901490e+02,-2.086249999999932569e+01,-2.517499999999903366e+02,-2.524999999999903366e+02,-1.650000000000002354e+00,5.387499999999997513e+00
-2.510999999999902457e+02,-4.780000000000236327e+01,-2.511999999999901547e+02,-2.505999999999900467e+02,-8.212500000000005684e+00,-1.824999999999998401e+00
-2.512999999999902627e+02,-3.028749999999956088e+01,-2.509999999999902229e+02,-2.512999999999899785e+02,-5.112500000000008704e+00,-5.900000000000007461e+00
-2.514999999999902798e+02,-2.413749999999942020e+01,-2.511999999999902400e+02,-2.517999999999899501e+02,-2.337500000000007461e+00,-2.837499999999999467e+00
-2.512499999999902798e+02,-1.832499999999988560e+01,-2.510999999999902172e+02,-2.516499999999904276e+02,-8.687499999999964473e+00,2.562499999999995559e+00
-2.515999999999902457e+02,-4.387500000000013500e+00,-1.898874999999979423e+02,-2.536499999999903423e+02,2.187499999999995559e+00,-5.787500000000006750e+00
-2.525499999999898364e+02,-6.687500000000005329e+00,-1.224999999999995648e+00,-2.512999999999902343e+02,-5.700000000000004619e+00,8.124999999999573674e-01
-2.502499999999900524e+02,-8.162500000000012079e+00,-4.500000000000161648e-01,-2.577499999999917577e+02,-6.049999999999993605e+00,-1.862500000000001155e+00
-2.503999999999900865e+02,-4.503750000000218989e+01,-1.237499999999984013e+01,-2.513999999999900865e+02,-1.216249999999981668e+01,-2.150000000000001243e+00
-2.504499999999901263e+02,-1.095874999999963393e+02,-6.200000000000006395e+00,-2.539999999999904787e+02,-7.937499999999997335e+00,-6.312500000000006217e+00
-2.520499999999899501e+02,-7.406250000000255795e+01,-8.112500000000009592e+00,-2.506499999999901434e+02,-2.237500000000004263e+00,-1.237500000000001155e+00
-2.507999999999901206e+02,-7.740000000000362945e+01,-4.300000000000017586e+00,-2.506499999999900865e+02,-3.137500000000001066e+00,-5.675000000000000711e+00
-2.512999999999900638e+02,-9.678750000000108855e+01,-4.565000000000168967e+01,-2.534499999999904674e+02,-6.425000000000050449e+00,4.549999999999998046e+00
-2.511999999999900410e+02,-7.937500000000035527e+00,-7.187500000000012434e+00,-2.523999999999899444e+02,1.049999999999999378e+00,-2.250000000000005773e+00
-2.519499999999901831e+02,-4.131250000000097344e+01,-3.137500000000005063e+00,-2.321750000000096179e+02,8.124999999999902300e-01,-6.875000000000042188e-01
-2.505499999999901490e+02,-8.699999999999707256e+01,8.749999999999933387e-01,-2.509499999999902400e+02,-3.122499999999885389e+01,-3.024999999999998579e+00
-2.508499999999901888e+02,-7.762499999999961986e+00,-8.912499999999994316e+00,-2.518499999999903025e+02,-1.162500000000000977e+00,-1.427499999999966462e+01
-2.507999999999902059e+02,-8.097500000000147224e+01,-2.787500000000011191e+00,-5.858750000000231495e+01,-8.887499999999990408e+00,2.537499999999999645e+00
-5.141250000000051301e+01,-1.489999999999984404e+01,-6.937499999999811706e+00,-8.346250000000182467e+01,3.224999999999996980e+00,-1.425000000000034461e+00
-3.075500000000074579e+02,-4.199999999999987743e+00,-6.100000000000004086e+00,-7.350000000000143530e+01,-5.412500000000005862e+00,3.850000000000002309e+00
-2.343750000000021316e+02,-1.127999999999977803e+02,-5.725000000000057376e+00,-7.478750000000107434e+01,-1.346249999999977476e+01,-1.275000000000027001e+00
-1.749249999999942133e+02,-3.054999999999896332e+01,1.137499999999993516e+00,-6.313749999999982521e+01,1.174999999999999156e+00,-6.375000000000012434e+00
-2.692500000000001847e+01,-2.353750000000003340e+01,-1.250000000000017764e+00,-2.874999999999998579e+01,-7.912500000000015632e+00,4.087499999999968381e+00
-2.641375000000007276e+02,-2.036249999999953175e+01,-1.462500000000041211e+00,-1.021625000000011312e+02,-9.062500000000021316e+00,-7.062500000000093259e+00
-2.620374999999923489e+02,-1.391249999999991260e+01,-1.337500000000006350e+00,-7.008749999999987779e+01,-4.212500000000030553e+00,5.250000000000050182e-01
-2.508999999999901718e+02,-3.379999999999984794e+01,-5.825000000000005507e+00,-6.717500000000343618e+01,8.874999999999984013e-01,1.149999999999991029e+00
-2.491999999999898421e+02,-4.883750000000015490e+01,-6.512500000000059686e+00,-7.286250000000353566e+01,-2.600000000000012523e+00,-2.637500000000057021e+00
-2.388749999999895124e+02,-5.110000000000000142e+01,-1.137500000000003508e+00,6.274999999999967493e+00,-2.375000000000295763e-01,-8.687499999999992895e+00
-2.506999999999901547e+02,-2.293749999999965539e+01,-3.162500000000005862e+00,-6.387500000000001066e+00,-7.350000000000011191e+00,7.124999999999999112e-01
-2.258000000000088221e+02,-1.453124999999975557e+02,-2.812500000000002665e+00,-6.112500000000008704e+00,-2.187500000000004885e+00,-7.637500000000023270e+00
-1.660375000000046839e+02,-1.790749999999935937e+02,-5.862499999999794653e+00,-1.096249999999986713e+01,-7.687500000000057732e+00,-6.125000000000035527e+00
-1.009749999999987580e+02,-2.200124999999999602e+02,-6.875000000000048850e+00,-9.500000000000001776e+00,-7.187499999999797495e+00,-7.787500000000068923e+00
-6.340000000000004832e+01,-1.087375000000021998e+02,-6.875000000000049738e+00,-3.500000000000011546e+00,-1.093749999999983658e+01,-5.987500000000047784e+00
-8.232499999999940599e+01,-1.681249999999974420e+01,-3.999999999999989675e-01,-7.512500000000076561e+00,-1.087500000000009059e+01,-4.225000000000069811e+00
-2.777499999999989910e+01,-8.124999999999980016e-01,-1.024999999999989031e+00,-9.337499999999945288e+00,-5.124999999999998446e-01,-8.637499999999999289e+00
-2.259749999999950205e+02,-1.681249999999966249e+01,-2.149999999999958433e+01,-1.031250000000001954e+01,-8.012499999999896261e+00,-1.189999999999991154e+01
-2.471874999999903650e+02,-9.424999999999766231e+00,-5.049999999999888800e+00,-6.149999999999626432e+00,-5.962500000000069633e+00,1.649999999999906430e+00
-1.178124999999980247e+02,-1.418749999999982947e+01,-1.077499999999986002e+01,-3.137500000000003730e+00,4.937499999999925393e+00,-3.787500000000061373e+00
-4.333750000000011227e+01,-1.257500000000001705e+01,-1.939999999999997016e+01,-1.142499999999996341e+01,-1.434999999999998366e+01,-1.099999999999994493e+01
-4.146250000000031122e+01,-9.962500000000018119e+00,-4.950000000000028599e+00,-1.411250000000000959e+01,-2.537500000000049827e+00,-9.100000000000022737e+00
-2.494999999999905356e+02,-5.912500000000025402e+00,-5.012499999999985079e+00,-3.300000000000018918e+00,-9.324999999999937117e+00,9.999999999999896472e-02
-1.548749999999967599e+02,-2.575000000000002842e+00,-9.426250000000084128e+01,-1.782499999999969020e+01,-7.950000000000124523e+00,-4.812500000000043521e+00
-4.025000000000008527e+01,-2.250000000000029310e+00,-3.271250000000011227e+01,-7.424999999999996270e+00,-4.687500000000022204e+00,-1.444999999999978435e+01
-2.943750000000029132e+01,-4.937500000000000888e+00,-3.485000000000015774e+01,-2.412500000000007638e+00,-1.487499999999999378e+00,-9.949999999999947775e+00
-4.422499999999988063e+01,-2.300000000000006928e+00,-4.526249999999988205e+01,-4.700000000000010836e+00,-5.687500000000018652e+00,5.424999999999986500e+00
-6.376250000000032969e+01,2.587499999999963940e+00,-7.898749999999935767e+01,-3.200000000000049027e+00,-8.125000000000044409e+00,-1.564999999999977653e+01
-9.674999999999998934e+00,-7.849999999999994316e+00,-5.424999999999996270e+00,-6.987500000000006928e+00,3.424999999999998490e+00,-3.387500000000000622e+00
-1.695875000000016826e+02,-3.151249999999907203e+01,-5.499999999999569678e-01,-8.137500000000121858e+00,-4.568750000000071765e+01,-4.667499999999974136e+01
-1.289999999999982094e+01,-8.087500000000051870e+00,-1.321250000000005720e+01,-6.625000000000059508e+00,-5.637500000000046363e+00,-2.668999999999950887e+02
-3.112499999999979394e+01,-8.137500000000068567e+00,-1.169999999999977192e+01,-6.825000000000056133e+00,-9.262499999999988631e+00,-1.641375000000033140e+02
-2.438749999999946638e+01,-1.362499999999994937e+00,-1.368749999999981881e+01,-2.023749999999967386e+01,-1.324999999999982769e+01,-2.610249999999934403e+02
-7.487500000000004263e+00,-5.525000000000009237e+00,-8.012500000000001066e+00,-7.250000000000006217e+00,7.749999999999998224e+00,-1.063749999999998508e+01
-4.096250000000097202e+01,-2.787500000000005862e+00,-2.124999999999944578e+01,-5.462500000000058087e+00,-1.013749999999990514e+01,-2.517249999999965269e+02
-9.287500000000015632e+00,-1.212500000000005240e+00,-3.750000000000419664e-02,-4.749999999999996447e+00,-4.737499999999998934e+00,-6.799999999999995381e+00
-8.475000000000029843e+00,-4.775000000000016342e+00,-9.712499999999936406e+00,3.874999999999810818e-01,1.349999999999989875e+00,-2.648249999999944180e+02
-1.052500000000001812e+01,-1.397500000000003872e+01,-7.099999999999990763e+00,-1.208750000000000391e+01,6.149999999999979927e+00,-6.962499999999987033e+00
-2.974999999999990763e+00,-2.262500000000000622e+00,-8.324999999999979750e+00,-9.650000000000007461e+00,-3.412499999999996980e+00,-1.248750000000003091e+01
-3.550000000000006040e+00,-4.162500000000006750e+00,-8.925000000000000711e+00,-5.374999999999992895e+00,-7.862499999999999822e+00,-8.800000000000002487e+00
-6.525000000000000355e+00,-4.437499999999994671e+00,-9.225000000000020961e+00,-9.000000000000003553e+00,-8.537500000000003197e+00,-2.749999999999988010e-01
-8.974999999999990763e+00,-5.662500000000007638e+00,-1.125000000000001776e+01,-4.674999999999992717e+00,-4.524999999999997691e+00,-2.512499999999998401e+00
-3.212499999999992184e+01,-5.975000000000004086e+00,-1.082499999999995133e+01,-5.737499999999978506e+00,-1.202500000000000746e+01,-1.612500000000015277e+01
-2.947499999999989484e+01,-4.624999999999979572e+00,-1.732500000000010587e+01,-7.387500000000062350e+00,-1.755000000000001847e+01,-1.140000000000002345e+01
-1.248750000000000604e+01,-5.887500000000012612e+00,-7.662500000000004974e+00,-8.050000000000014921e+00,-2.825000000000009059e+00,-2.875000000000049183e-01
-1.186250000000019043e+02,-1.067499999999969518e+01,-2.854999999999938254e+01,-3.277499999999979963e+01,-7.412500000000052935e+00,-7.375000000000104805e-01
-6.050000000000006928e+00,-4.975000000000003197e+00,-7.250000000000001776e+00,-8.187499999999996447e+00,-4.750000000000005329e+00,7.000000000000003997e-01
-8.587500000000009237e+00,6.999999999999976241e-01,-6.799999999999995381e+00,-3.725000000000001421e+00,-2.487500000000002931e+00,-4.000000000000010658e+00
-1.278750000000000142e+01,-1.153749999999998899e+01,-1.037499999999999289e+01,1.600000000000004530e+00,-7.412500000000008527e+00,-3.250000000000001776e+00
-3.007500000000007390e+01,-4.975000000000006750e+00,-9.212499999999998579e+00,-1.498750000000000959e+01,-1.323750000000001315e+01,-1.436250000000004690e+01
-5.162500000000005862e+00,-8.024999999999991473e+00,3.875000000000000000e+00,-4.299999999999998046e+00,-6.262500000000021494e+00,-3.512500000000002398e+00
-7.200000000000010836e+00,-7.200000000000005507e+00,-2.800000000000002931e+00,-3.662499999999995204e+00,-6.875000000000006217e+00,4.775000000000003908e+00
1.149999999999997025e+00,-3.424999999999999378e+00,-4.762500000000001066e+00,-5.149999999999995914e+00,-6.250000000000001776e+00,-6.762500000000012612e+00
-1.204999999999996341e+01,-9.074999999999997513e+00,-4.250000000000009770e+00,-1.467500000000001492e+01,-3.837499999999990585e+00,-1.369999999999999218e+01
-4.975000000000003197e+00,-7.325000000000004619e+00,-6.249999999999784200e-02,6.374999999999934053e-01,-7.149999999999997691e+00,3.849999999999998757e+00
-1.111249999999998117e+01,-5.025000000000003908e+00,-4.662499999999991651e+00,-8.437499999999989342e+00,-6.625000000000033085e-01,-7.325000000000014388e+00
-8.691249999999894271e+01,-1.412500000000014300e+00,-1.763749999999987139e+01,-1.231249999999985256e+01,-7.425000000000021139e+00,-1.571249999999987601e+01
-1.749999999999981570e-01,-3.050000000000007816e+00,3.999999999999993006e-01,-3.562499999999996003e+00,1.049999999999998046e+00,4.275000000000009237e+00
-7.187500000000008882e+00,-3.024999999999997691e+00,-7.062499999999998224e+00,1.949999999999996403e+00,-5.725000000000009415e+00,-7.349999999999994316e+00
-1.798749999999995097e+01,-8.562499999999994671e+00,-4.650000000000021672e+00,-1.192500000000000959e+01,-6.537500000000001421e+00,-2.812499999999986233e+00
-6.874999999999999112e+00,-6.762499999999996625e+00,-8.925000000000009592e+00,-9.825000000000013500e+00,-1.030000000000000959e+01,5.749999999999948486e-01
-4.799999999999996270e+00,-7.637499999999992184e+00,-5.212500000000002132e+00,-9.049999999999998934e+00,-5.250000000000001776e+00,-4.312500000000000000e+00
-9.000000000000014211e+00,-7.812499999999985789e+00,3.587499999999990585e+00,-8.249999999999984013e+00,-8.075000000000004619e+00,-3.274999999999995470e+00
-5.775000000000001243e+00,-5.962500000000004796e+00,-2.100000000000004530e+00,-2.625000000000008438e+00,-2.137500000000005951e+00,-1.787499999999999645e+00
-2.237499999999998046e+00,-7.425000000000002487e+00,-6.124999999999998224e-01,-6.175000000000006040e+00,-9.325000000000006395e+00,-7.725000000000010303e+00
-5.149999999999965716e+00,-6.249999999999156231e-02,-1.282500000000000639e+01,2.812499999999999556e+00,-9.162500000000015632e+00,5.412499999999997868e+00
-1.101249999999999929e+01,-9.375000000000014211e+00,-1.243750000000000533e+01,-6.424999999999995381e+00,-8.925000000000018474e+00,-4.287500000000007638e+00
-4.250000000000005329e+00,-8.562499999999991118e+00,-5.400000000000015454e+00,-9.200000000000008171e+00,-6.362499999999997158e+00,-7.687499999999989342e+00
-6.187499999999992895e+00,-1.332499999999999041e+01,-1.062500000000003553e+00,-1.046249999999999858e+01,-1.112500000000002487e+01,-9.087500000000000355e+00
-7.049999999999993605e+00,-7.437499999999999112e+00,-8.175000000000004263e+00,-4.750000000000056399e-01,-3.687500000000000888e+00,-7.787500000000001421e+00
-2.699999999999989964e+00,-1.072500000000001030e+01,-8.612499999999990052e+00,-8.612499999999995381e+00,-3.962500000000003464e+00,-3.325000000000008171e+00
9.375000000000079936e-01,-3.912499999999992983e+00,-9.187499999999996447e+00,-8.612500000000004263e+00,-6.374999999999957367e-01,6.449999999999995737e+00
-2.087499999999995737e+01,-1.011249999999997939e+01,-1.052500000000003944e+01,-1.092500000000000782e+01,-1.237499999999998934e+01,-6.424999999999998046e+00
-1.317499999999998472e+01,-5.262500000000013500e+00,-8.150000000000007461e+00,-8.175000000000025580e+00,-4.162500000000004086e+00,-5.337499999999994138e+00
-8.249999999999996447e+00,-3.775000000000001243e+00,-2.625000000000048406e-01,-6.937499999999996447e+00,-3.912500000000001421e+00,-7.625000000000005329e+00
-1.017499999999997762e+01,-1.049999999999998401e+01,-6.500000000000001776e+00,-6.687500000000000000e+00,-9.074999999999999289e+00,-1.375000000000001110e+00
-3.112499999999982947e+01,-2.856250000000016342e+01,6.750000000000014877e-01,-1.927500000000011937e+01,-3.027500000000001634e+01,-2.110000000000013642e+01
5.374999999999947597e-01,-3.650000000000007017e+00,-7.474999999999991651e+00,1.249999999999999556e+00,-3.699999999999993072e+00,-6.987500000000001599e+00
-9.400000000000018119e+00,-5.137500000000002842e+00,-1.459999999999999787e+01,-5.999999999999983125e+00,-1.169999999999999396e+01,-9.487499999999997158e+00
-7.437499999999995559e+00,-7.062500000000008882e+00,-6.250000000000444089e-02,-5.487500000000007816e+00,-4.962499999999996803e+00,-9.062500000000003553e+00
-2.999999999999997780e+00,-2.575000000000005063e+00,-2.849999999999999645e+00,4.899999999999998579e+00,-8.062499999999992895e+00,-3.487500000000010925e+00
-6.375000000000001776e+00,-6.037499999999996980e+00,-5.887500000000003730e+00,-2.525000000000001243e+00,-6.337499999999999467e+00,-2.162500000000002309e+00
-9.575000000000006395e+00,-1.217500000000004512e+01,-1.418750000000002487e+01,-1.132499999999997797e+01,-1.100000000000001776e+01,1.799999999999996492e+00
-7.174999999999981171e+00,-4.987499999999993605e+00,2.750000000000192846e-01,-3.450000000000008615e+00,-3.512499999999997957e+00,-6.312500000000023981e+00
-9.562499999999998224e+00,-3.199999999999993516e+00,6.324999999999997513e+00,-5.599999999999988987e+00,3.937499999999987121e+00,-7.687500000000011546e+00
-2.480000000000007887e+01,-2.792500000000021032e+01,-3.041249999999992681e+01,-3.283750000000000568e+01,-2.622500000000020748e+01,-2.860000000000032117e+01
-1.056249999999997868e+01,-3.137500000000003286e+00,-8.587499999999995026e+00,-5.087499999999989697e+00,-1.046250000000000746e+01,-1.145000000000001705e+01
-8.425000000000000711e+00,-3.812499999999999112e+00,-7.287499999999994316e+00,-8.549999999999993605e+00,-3.787499999999999645e+00,-8.912499999999990763e+00
-3.550000000000011813e+00,-1.762500000000004396e+00,-1.165000000000001457e+01,-7.125000000000010658e+00,-5.849999999999988098e+00,2.412499999999998312e+00
-4.337499999999994138e+00,-4.937499999999998224e+00,-8.237499999999998934e+00,-7.124999999999993783e+00,-8.037500000000001421e+00,-2.675000000000004263e+00
6.812500000000000888e+00,-1.278750000000002451e+01,-9.712500000000009237e+00,-1.031249999999999112e+01,-1.502500000000003411e+01,-1.245000000000005436e+01
-1.061249999999998117e+01,-6.024999999999987921e+00,-8.262499999999990408e+00,-4.987499999999994493e+00,-7.787500000000000533e+00,-9.900000000000005684e+00
-9.050000000000004263e+00,-8.399999999999998579e+00,-4.075000000000002842e+00,-8.749999999999994671e+00,-8.424999999999988276e+00,-4.112500000000004263e+00
-2.604999999999992966e+01,-2.033750000000003766e+01,-1.093750000000004263e+01,-9.974999999999949907e+00,1.625000000000015987e+00,-5.487500000000016698e+00
-1.024999999999998224e+01,-6.712499999999989697e+00,-3.674999999999999822e+00,-8.924999999999998934e+00,-2.500000000000003997e+00,-1.150000000000002665e+01
-1.305000000000000071e+01,-1.367500000000003979e+01,-7.749999999999935829e-01,-1.337500000000002309e+01,-1.443749999999996270e+01,-7.962499999999977263e+00
-1.066249999999998010e+01,-5.037500000000005862e+00,1.862500000000008704e+00,-6.599999999999992539e+00,1.171249999999997904e+01,-4.062500000000004441e+00
-1.009999999999998010e+01,-2.250000000000055567e-01,-1.032499999999998863e+01,-5.787500000000004086e+00,-1.058749999999998970e+01,-7.962499999999994138e+00
-4.566250000000007958e+01,-3.616250000000014353e+01,-4.314999999999998437e+01,-2.321250000000007319e+01,-7.924999999999988276e+00,-2.111250000000011084e+01
-1.856249999999995381e+01,-1.026249999999992646e+01,-2.836250000000012150e+01,-1.589999999999997904e+01,3.187499999999987121e+00,-2.402500000000002700e+01
-4.162500000000016520e+00,-9.587500000000012790e+00,-8.274999999999989697e+00,7.875000000000004219e-01,-3.925000000000000266e+00,-3.287499999999998757e+00
-1.018750000000000888e+01,-7.137499999999988631e+00,-4.575000000000017941e+00,-1.224999999999998757e+01,-8.537499999999990763e+00,-4.937500000000006217e+00
-7.524999999999996803e+00,-6.750000000000012434e+00,-3.225000000000001865e+00,-4.174999999999998046e+00,-3.937500000000000888e+00,-4.749999999999992006e+00
-8.237499999999995381e+00,-7.237500000000002487e+00,-3.462500000000001688e+00,-7.074999999999996625e+00,-3.962499999999994582e+00,-6.712500000000009237e+00
-9.999999999999998890e-01,-9.250000000000014211e+00,-4.549999999999986500e+00,-1.599999999999999867e+00,-8.762499999999993960e+00,-1.006250000000000178e+01
-3.862500000000008704e+00,2.375000000000000444e+00,-7.262500000000001954e+00,-7.774999999999996803e+00,-6.312499999999982236e+00,-1.242500000000000426e+01
7.124999999999978018e-01,-8.262500000000011724e+00,-7.612500000000001599e+00,-3.562500000000000000e+00,-7.612500000000000711e+00,-7.762500000000001066e+00
-7.987499999999954525e+00,-7.562500000000010658e+00,-7.099999999999986322e+00,-1.405000000000007532e+01,-1.580000000000002558e+01,-7.937500000000005329e+00
-8.499999999999996447e+00,-8.700000000000009948e+00,-7.725000000000008527e+00,-4.712499999999996803e+00,-8.949999999999999289e+00,-4.537500000000006750e+00
-1.040000000000000213e+01,-3.287499999999986322e+00,-9.250000000000143663e-01,-7.799999999999986500e+00,-4.300000000000003375e+00,9.625000000000005773e-01
-3.253749999999979536e+01,-1.256249999999998401e+01,-7.225000000000009415e+00,-1.633749999999995595e+01,-1.565000000000007319e+01,-2.111250000000015703e+01
-7.574999999999990408e+00,-9.112500000000016698e+00,-1.037499999999999289e+01,-1.063749999999999751e+01,-1.122500000000003695e+01,-4.412500000000009415e+00
-5.087499999999988809e+00,-1.041250000000000675e+01,-4.512500000000006395e+00,-1.107500000000002238e+01,-7.687500000000015099e+00,-4.850000000000010303e+00
-1.506250000000002132e+01,-5.499999999999992006e+00,-9.024999999999993250e+00,-1.253750000000001563e+01,-1.397500000000000853e+01,-1.383749999999998614e+01
-1.137500000000001954e+01,-6.050000000000003375e+00,-7.774999999999979039e+00,-7.787499999999990763e+00,-6.137499999999997513e+00,-5.387500000000006395e+00
-2.237499999999992184e+01,-1.386249999999997229e+01,-1.450000000000001954e+00,-9.950000000000009948e+00,-4.812499999999994671e+00,-1.090000000000000213e+01
-3.487499999999995381e+00,-4.612499999999995381e+00,-3.499999999999964251e-01,-8.437499999999996447e+00,-6.725000000000009415e+00,-8.599999999999996092e+00
-9.812499999999996447e+00,-8.087499999999995026e+00,-8.325000000000020606e+00,-1.937499999999998224e+00,-1.224999999999999867e+00,-9.537499999999994316e+00
-2.523749999999987281e+01,-1.392500000000005400e+01,2.499999999999708705e-02,2.675000000000042455e+00,-2.272500000000011156e+01,-4.375000000000007994e+00
-4.924999999999987388e+00,-5.687500000000004441e+00,-5.574999999999996625e+00,-5.699999999999993072e+00,-8.425000000000006040e+00,-9.875000000000017764e+00
-8.087499999999995026e+00,-7.862499999999993605e+00,-4.837499999999997691e+00,-4.550000000000006928e+00,-8.612500000000004263e+00,-7.225000000000002309e+00
-5.262499999999985967e+00,1.900000000000002132e+00,8.749999999999029388e-02,5.574999999999989519e+00,-1.061250000000000426e+01,-6.812499999999980460e+00
-1.370000000000001172e+01,-7.337500000000019007e+00,-6.950000000000007283e+00,-1.531249999999994671e+01,-1.281250000000003553e+01,-1.017499999999997229e+01
-1.942499999999994387e+01,-8.987500000000006040e+00,-1.090000000000000036e+01,-4.762500000000027711e+00,-1.862499999999995826e+00,-9.462500000000016342e+00
-6.037499999999988987e+00,-2.074999999999999289e+00,-5.837499999999995914e+00,-1.038749999999999396e+01,-4.399999999999997691e+00,-9.212500000000005684e+00
-1.227499999999998970e+01,-1.133749999999997016e+01,-5.125000000000026201e-01,-4.024999999999983480e+00,-1.239999999999998437e+01,-2.900000000000015010e+00
-1.616250000000001563e+01,-8.012499999999988631e+00,-1.597500000000002984e+01,-1.521250000000001457e+01,-1.243750000000003020e+01,-1.042499999999999893e+01
-1.031250000000000178e+01,-8.299999999999991829e+00,-8.537499999999996092e+00,-9.562500000000003553e+00,-5.124999999999975131e-01,-5.200000000000001954e+00
-1.743749999999994671e+01,-6.849999999999988987e+00,-3.499999999999942046e-01,-1.431250000000000178e+01,-1.851250000000006679e+01,-1.033749999999996660e+01
-4.151249999999976126e+01,-1.940000000000003055e+01,-2.057499999999997797e+01,-1.506250000000001599e+01,-1.711249999999999716e+01,-1.816250000000001563e+01
-5.499999999999994671e+00,-7.762499999999997513e+00,-4.937499999999993783e+00,-4.062500000000000888e+00,-8.862500000000013145e+00,-7.450000000000004619e+00
-9.300000000000020250e+00,-4.512500000000009948e+00,9.875000000000029310e-01,-8.737500000000011369e+00,-5.149999999999998579e+00,-6.874999999999986677e-01
-1.454999999999999538e+01,-1.339999999999999680e+01,-1.228749999999996412e+01,-1.311250000000003624e+01,3.612499999999969624e+00,-1.363750000000005080e+01
5.124999999999992895e-01,-7.387499999999993072e+00,9.499999999999939604e-01,-2.949999999999998845e+00,-6.724999999999995204e+00,-7.024999999999999467e+00
-5.074999999999999289e+00,-8.925000000000011369e+00,-5.174999999999994493e+00,-3.312499999999996891e+00,-8.200000000000004619e+00,4.249999999999996447e+00
-1.691249999999999432e+01,-6.562499999999975131e+00,-9.450000000000001066e+00,1.175000000000004263e+00,-2.862499999999986500e+00,-4.637499999999972644e+00
-1.376249999999997975e+01,-7.937499999999993783e+00,-1.206250000000005507e+01,-1.117500000000001492e+01,-9.299999999999995381e+00,-1.418749999999996980e+01
-1.406249999999999822e+01,-7.750000000000000888e+00,-1.292500000000000604e+01,-7.912499999999988098e+00,-1.504999999999998117e+01,-9.625000000000037303e+00
-1.003750000000001208e+01,-6.300000000000000711e+00,-5.062500000000002665e+00,-6.624999999999973133e-01,-8.087500000000011013e+00,-6.249999999999987566e+00
-2.332499999999992113e+01,-1.371250000000001101e+01,-3.642500000000016058e+01,-3.297499999999993747e+01,-1.443750000000000533e+01,-2.167500000000015703e+01
-7.887500000000000178e+00,-1.277500000000003944e+01,-1.280000000000003446e+01,-6.037500000000011191e+00,-6.699999999999982414e+00,-7.062499999999964473e+00
-8.399999999999989697e+00,-5.362500000000002487e+00,-9.437500000000000000e+00,-1.021249999999999680e+01,-1.474999999999992095e+00,-9.112500000000007816e+00
-1.959999999999992681e+01,-6.449999999999988631e+00,-6.812499999999985789e+00,-1.270000000000003482e+01,-1.117500000000002203e+01,-1.012499999999997513e+01
-4.549999999999997158e+00,-8.725000000000012079e+00,-7.462500000000003908e+00,-8.749999999999994671e+00,-4.075000000000005507e+00,-5.012500000000007283e+00
-1.443749999999996092e+01,-2.192500000000016414e+01,-1.357500000000007745e+01,-2.272499999999994813e+01,-1.421249999999995239e+01,-2.207500000000011298e+01
-1.110000000000003695e+01,-1.346250000000001279e+01,-1.190000000000002167e+01,-8.249999999999987343e-01,-9.287500000000003197e+00,-8.724999999999971223e+00
-4.100000000000008527e+00,-4.362500000000009592e+00,-3.787499999999999645e+00,-2.950000000000001954e+00,-4.124999999999998224e+00,-4.162500000000001421e+00
-3.181249999999999645e+01,-2.592500000000001847e+01,-1.936249999999999005e+01,-9.187499999999976907e+00,-2.165000000000011937e+01,-2.231250000000015277e+01
-7.149999999999989697e+00,-9.212500000000002132e+00,-9.487500000000027356e+00,-4.387499999999994849e+00,-4.437499999999994671e+00,-6.675000000000002487e+00
-8.087500000000000355e+00,-8.499999999999998224e+00,-3.737500000000002043e+00,-8.237499999999991829e+00,-7.224999999999994316e+00,-4.149999999999999467e+00
-1.148750000000000071e+01,-2.699999999999996181e+00,-1.150000000000000178e+01,-3.899999999999998135e+00,-6.312500000000002665e+00,-3.112499999999995826e+00
-1.973749999999999716e+01,-1.157499999999997442e+01,-1.593749999999996803e+01,-8.662500000000029843e+00,-3.874999999999777511e-01,-1.618750000000004974e+01
-4.950000000000004619e+00,-1.069999999999997087e+01,-2.890999999999996817e+02,-1.217499999999987814e+01,-9.624999999999989120e-01,-9.587499999999982592e+00
-1.077499999999996128e+01,-1.225000000000020073e+00,-2.605499999999920533e+02,-6.600000000000061817e+00,-2.188749999999973284e+01,3.512500000000000178e+00
-1.348749999999997051e+01,-1.506249999999990763e+01,-2.938999999999975898e+02,-7.787500000000062705e+00,-8.887499999999999289e+00,-1.445000000000001172e+01
-6.450000000000041922e+00,-3.900000000000026557e+00,-2.740749999999964075e+02,-1.948749999999974847e+01,-1.235000000000001741e+01,-9.674999999999927880e+00
-2.026249999999939178e+01,-1.612499999999994671e+01,-1.898874999999951001e+02,-1.513749999999998330e+01,-1.353749999999987352e+01,-6.825000000000035705e+00
-2.245000000000006324e+01,-1.012500000000004174e+00,-1.823750000000000071e+01,-1.063750000000003659e+01,-6.875000000000022204e+00,-1.203750000000002096e+01
-1.641250000000001208e+01,-1.241249999999992681e+01,-1.691249999999998366e+01,-2.042500000000007887e+01,-2.462499999999995381e+01,-1.406250000000002309e+01
-1.144999999999999396e+01,-2.262500000000012612e+00,-1.223750000000000071e+01,-1.441250000000003517e+01,-1.341250000000004050e+01,-1.255000000000000426e+01
-7.300000000000002487e+00,-8.924999999999963407e+00,-5.949999999999995737e+00,-8.624999999999998224e+00,-1.032500000000001705e+01,-8.087499999999996803e+00
-1.502499999999999325e+01,-1.617500000000004690e+01,-6.212499999999986144e+00,-2.750000000000000888e+00,-1.301249999999999929e+01,-5.699999999999997513e+00
-2.061250000000006466e+01,-1.548750000000012328e+01,-5.075000000000001066e+00,-2.696250000000006963e+01,-7.612499999999956302e+00,-2.037500000000006395e+01
-1.197499999999997122e+01,-4.837500000000011902e+00,-5.912500000000004974e+00,-1.420000000000006857e+01,-5.099999999999988987e+00,-1.077500000000005009e+01
-3.045000000000010587e+01,-2.411250000000022453e+01,-1.166249999999996412e+01,-1.892499999999989768e+01,-2.438750000000001350e+01,-2.206250000000000000e+01
1.187499999999995559e+00,-9.800000000000020250e+00,-1.386249999999997762e+01,-3.474999999999984546e+00,-1.168749999999997158e+01,-1.051249999999999751e+01
-1.056250000000002665e+01,-9.062500000000010658e+00,-8.474999999999994316e+00,-1.405000000000007354e+01,-8.449999999999997513e+00,-5.825000000000007283e+00
-2.473749999999990123e+01,-1.043749999999996980e+01,-1.356250000000004619e+01,-1.384999999999997655e+01,-1.707499999999997087e+01,-1.376250000000000995e+01
-5.856249999999945999e+01,-2.283749999999992042e+01,-4.610000000000007248e+01,-2.263750000000017693e+01,-3.871249999999999858e+01,-1.126249999999979678e+01
-1.117500000000001670e+01,-9.462499999999987921e+00,-3.537499999999989431e+00,-1.028750000000000853e+01,-4.137500000000001066e+00,-1.118750000000000355e+01
-5.287499999999980105e+00,-1.005000000000000426e+01,-1.645000000000003482e+01,-1.042499999999999893e+01,-4.587500000000000355e+00,-6.749999999999978684e+00
-1.418750000000007283e+01,-1.128749999999999254e+01,-9.412499999999965894e+00,-1.573750000000001492e+01,-1.144999999999997797e+01,-7.775000000000032330e+00
-1.293749999999998579e+01,-8.112499999999993605e+00,-1.571250000000003766e+01,-1.733749999999999147e+01,-7.625000000000034639e+00,-7.400000000000015454e+00
-1.345000000000001350e+01,-1.317499999999999361e+01,-8.899999999999998579e+00,-1.058750000000003411e+01,-7.624999999999957367e-01,-1.278750000000000675e+01
-3.303750000000016485e+01,-2.613749999999982521e+01,-2.393749999999996447e+01,-2.637499999999968736e+01,-3.513750000000024443e+01,-3.261249999999999005e+01
-8.775000000000009237e+00,-6.662500000000012079e+00,-8.224999999999981881e+00,-7.449999999999985079e+00,-9.400000000000019895e+00,-1.161249999999998828e+01
-9.187499999999984013e+00,-8.587499999999991473e+00,-4.225000000000005862e+00,-1.442499999999994564e+01,-9.612500000000022027e+00,-8.862499999999986500e+00
-1.843749999999994671e+01,-4.062499999999989342e+00,-1.106249999999995737e+01,-1.815000000000002345e+01,-1.498749999999998828e+01,-6.862500000000032685e+00
-9.800000000000004263e+00,-1.101249999999997264e+01,-1.101249999999999041e+01,-8.237499999999997158e+00,-5.137500000000009948e+00,-5.237499999999984723e+00
-1.891249999999989839e+01,-8.449999999999947775e+00,-1.362499999999998757e+01,-8.162499999999990763e+00,-8.387500000000009948e+00,-1.302499999999999858e+01
-2.997500000000001918e+01,-2.047500000000018261e+01,-1.843750000000000711e+01,-9.624999999999976907e+00,-4.975000000000009415e+00,-2.228749999999999076e+01
-1.341249999999994102e+01,-1.177500000000005720e+01,-1.587500000000004796e+01,-9.512500000000013500e+00,-1.543749999999998401e+01,-9.737499999999995381e+00
-2.013750000000005258e+01,-1.298749999999998295e+01,-1.598750000000006644e+01,-1.689999999999999858e+01,-5.849999999999996980e+00,-1.677499999999999858e+01
-8.387500000000059686e+00,-5.524999999999991473e+00,-1.300000000000003730e+01,-1.483749999999997726e+01,-1.136250000000000071e+01,-7.387500000000012612e+00
-1.002499999999996128e+01,-1.232500000000001350e+01,-9.787500000000008527e+00,-1.301250000000001705e+01,-8.112500000000009592e+00,-1.108750000000000391e+01
-1.129999999999996518e+01,-1.067500000000000604e+01,-9.875000000000023093e+00,-2.774999999999995914e+00,-7.050000000000014921e+00,-9.899999999999982592e+00
-3.067499999999995097e+01,-1.755000000000007176e+01,-1.363750000000004370e+01,-1.797499999999996945e+01,-1.321249999999999858e+01,-2.257500000000012008e+01
-5.047500000000017195e+01,-1.157499999999999218e+01,-2.141249999999978115e+01,-2.773750000000022453e+01,-2.732500000000043983e+01,-2.663750000000006324e+01
-2.082500000000007390e+01,-1.372499999999999609e+01,-2.545000000000016271e+01,-2.466250000000001918e+01,-1.868750000000011013e+01,-2.193750000000003553e+01
-3.061250000000008242e+01,-2.978750000000009024e+01,-2.364999999999971791e+01,-2.761249999999980176e+01,-2.556250000000014211e+01,-3.125000000000011013e+01
-4.049999999999994493e+00,-1.727500000000003055e+01,-9.262500000000017053e+00,-8.975000000000019185e+00,-1.974999999999973443e+00,-1.703750000000002984e+01
-2.912499999999997513e+01,-1.568749999999998224e+01,-1.279999999999996874e+01,-2.247500000000012932e+01,-1.618750000000006750e+01,-1.259999999999996412e+01
-6.012499999999997513e+00,-1.210000000000002984e+01,-1.196249999999998259e+01,-1.526250000000003126e+01,-7.687499999999978684e+00,-1.014999999999999680e+01
-1.548750000000000426e+01,-1.584999999999999432e+01,-1.032500000000000284e+01,-3.537499999999995204e+00,-9.737499999999998934e+00,-1.900000000000004574e+00
-5.474999999999992539e+00,-1.252500000000000391e+01,-1.311249999999995630e+01,-3.600000000000001865e+00,-7.499999999999984901e+00,-1.244999999999997975e+01
-1.243749999999999467e+01,-3.475000000000005862e+00,-8.337499999999987921e+00,-8.474999999999992539e+00,-1.039999999999998437e+01,-9.112500000000004263e+00
-1.334999999999998543e+01,-1.572500000000006715e+01,-1.565000000000000391e+01,-1.562500000000004796e+01,-1.216249999999996056e+01,-1.050000000000005151e+01
-1.984999999999998366e+01,-3.474999999999977884e+00,-1.655000000000005400e+01,-1.177499999999995417e+01,-1.698750000000000426e+01,-1.426250000000002771e+01
-1.316250000000000142e+01,-1.203750000000000675e+01,-1.140000000000000924e+01,-3.787500000000003642e+00,-1.123749999999997762e+01,-8.587499999999977263e+00
-2.557500000000025153e+01,-3.022500000000011866e+01,-7.487500000000000711e+00,-2.857500000000007034e+01,-1.624999999999997868e+01,-2.647500000000006892e+01
-2.006250000000004619e+01,-1.511249999999998472e+01,-7.712499999999977263e+00,-1.439999999999998970e+01,-1.943750000000011369e+01,-1.488750000000005258e+01
-6.362499999999992717e+00,-7.237499999999984723e+00,-1.142500000000002558e+01,-1.451250000000002238e+01,-8.762500000000017053e+00,-1.320000000000003659e+01
-4.138750000000008100e+01,-3.345000000000025864e+01,-4.673749999999999716e+01,-1.991249999999973141e+01,-2.521250000000013713e+01,-3.560000000000022169e+01
-1.078749999999999432e+01,-9.525000000000003908e+00,-5.474999999999990763e+00,-1.138749999999999751e+01,-1.032499999999998685e+01,-7.487499999999995381e+00
-3.422499999999975984e+01,-1.702500000000008740e+01,-2.263750000000016627e+01,-1.903750000000011866e+01,-2.056250000000009237e+01,-7.400000000000062528e+00
-1.756249999999995737e+01,-1.801250000000002771e+01,-9.249999999999992895e+00,-1.832499999999998863e+01,-1.187499999999980016e+00,-2.116250000000003340e+01
-4.542499999999989768e+01,-1.147499999999990372e+01,-3.423750000000034532e+01,-2.198750000000001847e+01,-2.850000000000003908e+01,-2.124999999999985079e+01
-2.447500000000000497e+01,-1.982500000000020535e+01,-2.502499999999991687e+01,-1.167499999999994031e+01,-1.700000000000004263e+01,-7.400000000000020783e+00
-2.728749999999996589e+01,-1.554999999999999716e+01,-1.397500000000002096e+01,-9.762499999999967315e+00,-9.037499999999951683e+00,-1.154999999999997051e+01
-2.670000000000021245e+01,-1.436250000000003446e+01,-3.609999999999991616e+01,-2.115000000000000924e+01,-5.762499999999953104e+00,-2.317500000000008953e+01
-2.163749999999998863e+01,-1.587500000000002665e+01,-1.441249999999998188e+01,-2.061250000000011440e+01,-2.762500000000002842e+01,-1.743750000000003553e+01
-1.218749999999999645e+01,-1.370000000000000995e+01,-1.265000000000001457e+01,-1.391250000000001386e+01,6.874999999999988898e-01,-1.358750000000008562e+01
-2.318749999999992895e+01,-1.248749999999996163e+01,-1.427500000000001812e+01,-1.028750000000001741e+01,-1.842500000000006821e+01,-2.047500000000012932e+01
-1.278749999999992859e+01,-1.450000000000001776e+01,-1.446250000000005365e+01,-4.237500000000003375e+00,-1.042499999999996874e+01,-7.700000000000028599e+00
-1.161249999999999361e+01,-1.254999999999999538e+01,-1.560000000000002451e+01,-7.637499999999985079e+00,-8.999999999999953815e+00,-1.008749999999997193e+01
-2.466249999999996945e+01,-1.781249999999997868e+01,-1.370000000000012008e+01,-1.485000000000004405e+01,-1.361250000000004334e+01,-1.807499999999997797e+01
-1.053750000000002451e+01,-1.166249999999998188e+01,-5.624999999999989342e+00,-6.949999999999998401e+00,-3.675000000000004707e+00,-6.862500000000001599e+00
-1.946250000000012292e+01,-9.887499999999999289e+00,-1.318750000000000000e+01,-2.868750000000008882e+01,-2.301249999999988205e+01,-2.253749999999996234e+01
-7.812500000000004441e+00,-1.445000000000000995e+01,-1.189999999999995239e+01,-2.337499999999997247e+00,-7.299999999999990941e+00,-7.950000000000019718e+00
-2.468750000000020961e+01,-2.188750000000015561e+01,-1.979999999999980531e+01,-3.587500000000027001e+00,-3.546249999999971436e+01,-1.873750000000001847e+01
-4.748749999999972005e+01,-2.061249999999999361e+01,-3.165000000000016200e+01,-3.503750000000001563e+01,-5.618750000000036238e+01,-2.769999999999999218e+01
-1.290000000000005542e+01,-1.130000000000002025e+01,-1.144999999999998330e+01,-1.696250000000003055e+01,-1.089999999999995950e+01,-3.562499999999994227e+00
-1.192499999999997407e+01,-7.787500000000021849e+00,-1.145000000000001528e+01,-9.337500000000003908e+00,-3.812500000000000444e+00,-1.033749999999999680e+01
-1.140000000000001990e+01,-1.162499999999998046e+01,-1.194999999999998330e+01,-1.261250000000003091e+01,-8.562500000000005329e+00,-1.157500000000002061e+01
-1.236250000000003801e+01,-2.036250000000002203e+01,-7.587499999999994138e+00,-1.827500000000004476e+01,-1.227500000000001457e+01,-3.237499999999974509e+00
-1.781249999999994316e+01,-2.157499999999996732e+01,-2.132499999999998508e+01,-1.171249999999997904e+01,-1.615000000000002700e+01,-1.308750000000001634e+01
-4.659999999999991616e+01,-4.390000000000018332e+01,-4.385000000000049880e+01,-4.403750000000030695e+01,-3.564999999999999858e+01,-2.962500000000009948e+01
-6.063750000000001705e+01,-3.701250000000008100e+01,-2.896250000000006608e+01,-3.245000000000027995e+01,-4.133749999999997726e+01,-2.528749999999985931e+01
-1.649999999999997868e+01,-1.531250000000005151e+01,-3.824999999999988187e+00,-1.302500000000001101e+01,-6.962499999999963052e+00,-1.501250000000000107e+01
-2.361249999999997939e+01,-1.335000000000005116e+01,-2.174999999999999645e+01,-2.250000000000011013e+01,-1.280000000000001492e+01,-1.388749999999999751e+01
-2.362500000000000711e+00,-1.099999999999998934e+01,-1.362499999999998934e+01,-8.700000000000015277e+00,-5.487500000000016698e+00,-8.174999999999984723e+00
-2.536250000000017124e+01,-2.452500000000010516e+01,-3.747500000000027853e+01,-3.083750000000003055e+01,-2.457499999999988560e+01,-3.063749999999999574e+01
-1.926249999999993534e+01,-2.471250000000022951e+01,-3.533749999999984226e+01,-2.213749999999999218e+01,-2.875000000000007461e+01,-1.068749999999999289e+01
-1.175000000000001421e+01,-4.625000000000013323e+00,-1.242500000000000071e+01,-8.887499999999997513e+00,-1.368750000000000711e+01,-1.201250000000000639e+01
-4.477500000000009095e+01,-3.276250000000008811e+01,-3.203750000000011511e+01,-2.811249999999999005e+01,-2.055000000000003979e+01,-1.448750000000003624e+01
-1.334999999999996589e+01,-2.033750000000008384e+01,-1.853750000000012221e+01,-2.123750000000003268e+01,-7.187499999999986677e+00,-1.681250000000006040e+01
-2.143749999999984368e+01,-1.166249999999996412e+01,-2.634999999999992326e+01,-2.422500000000015419e+01,-2.167499999999985150e+01,-3.356249999999991473e+01
-2.614999999999994174e+01,-1.082499999999991402e+01,1.375000000000118905e-01,-1.583750000000008562e+01,-1.708749999999993818e+01,-2.287500000000005329e+01
-5.660000000000137987e+01,-2.608749999999888303e+01,-3.196249999999900382e+01,-2.132250000000034902e+02,-5.051250000000119655e+01,-4.897499999999993747e+01
-1.631249999999999289e+01,-1.668750000000004974e+01,-1.027500000000000924e+01,-1.102500000000002167e+01,-1.497500000000000142e+01,-1.183749999999997016e+01
-2.051249999999985008e+01,-2.105000000000007176e+01,-1.793750000000001421e+01,-3.203750000000012932e+01,-1.454999999999988525e+01,-2.883750000000004121e+01
-4.072500000000005826e+01,-1.307499999999983942e+01,-2.826250000000054996e+01,-5.317500000000006111e+01,-3.131249999999985434e+01,-2.424999999999999645e+01
-1.232499999999994778e+01,-4.949999999999996625e+00,-3.163749999999989981e+01,-3.876250000000003837e+01,-1.387500000000003553e+01,-1.374999999999994138e+01
-2.531249999999936762e+01,-2.179999999999987992e+01,-4.435000000000028564e+01,-1.331750000000021998e+02,-5.485000000000106724e+01,-3.551249999999975415e+01
-1.463750000000009699e+01,-1.466249999999998543e+01,-7.199999999999995737e+00,-1.238749999999999396e+01,-1.282500000000001883e+01,-7.075000000000017053e+00
-3.277499999999998437e+01,-2.653749999999998010e+01,-2.608749999999971791e+01,-3.815000000000016911e+01,-2.674999999999983302e+01,-2.624999999999985434e+01
-1.919999999999995310e+01,-2.296249999999998437e+01,-2.038750000000009877e+01,-7.699999999999990408e+00,-1.334999999999998721e+01,-6.912500000000004086e+00
-1.511249999999998472e+01,-1.214999999999997371e+01,-9.124999999999980460e+00,-1.308749999999998437e+01,-1.251250000000000995e+01,-1.457499999999999574e+01
-2.718749999999992539e+01,-2.507500000000010587e+01,-2.072500000000007603e+01,-3.007500000000034390e+01,-1.732499999999999574e+01,-2.043749999999993605e+01
-1.623749999999994742e+01,-1.348750000000002380e+01,-2.328749999999994102e+01,-2.456249999999991118e+01,-1.616250000000005471e+01,-3.692499999999979110e+01
-2.168749999999991473e+01,-1.541249999999996945e+01,-2.027500000000003766e+01,-1.883749999999995595e+01,-2.358750000000002345e+01,-2.261250000000002913e+01
-1.818750000000007461e+01,-1.552499999999997016e+01,-1.926250000000002061e+01,-1.308750000000003588e+01,-1.593749999999995914e+01,-1.729999999999994742e+01
-3.656250000000002132e+01,-1.900000000000005684e+01,-2.533750000000028635e+01,-2.621250000000001279e+01,-1.325000000000001243e+01,-1.571250000000001101e+01
-2.052500000000012292e+01,-1.587500000000001954e+01,-1.998750000000000071e+01,-9.887499999999958433e+00,-1.961249999999997584e+01,-1.801250000000001350e+01
-1.483750000000004476e+01,-1.487500000000008349e+01,-1.243749999999996980e+01,-1.487500000000008704e+01,-2.942499999999997939e+01,-1.820000000000013429e+01
-5.433750000000014779e+01,-2.826250000000010587e+01,-3.331250000000018474e+01,-2.415000000000012648e+01,-1.780000000000005755e+01,-2.727500000000002345e+01
-2.873750000000017479e+01,-2.541250000000006537e+01,-1.630000000000000071e+01,-3.066250000000019682e+01,-2.401249999999993889e+01,-3.261250000000024585e+01
-2.150000000000008882e+01,-2.923750000000030624e+01,-2.422500000000021814e+01,-2.513750000000002061e+01,-2.658749999999994529e+01,-3.166249999999996945e+01
-3.709999999999993037e+01,-2.371250000000002700e+01,-3.147500000000003695e+01,-2.497500000000002629e+01,-2.518750000000001776e+01,-2.563750000000020890e+01
-1.792500000000003268e+01,-2.012500000000017408e+01,-1.765000000000010871e+01,-1.497500000000008669e+01,-2.026250000000000284e+01,-1.828750000000004761e+01
-3.212500000000027001e+01,-4.339999999999985647e+01,-2.832499999999958007e+01,-6.261250000000031690e+01,-4.764999999999971436e+01,-5.136249999999992610e+01
-2.966250000000013642e+01,-2.590000000000017977e+01,-4.113749999999987494e+01,-2.841250000000007958e+01,-2.526250000000002061e+01,-1.925000000000004263e+01
-3.131249999999992184e+01,-5.212499999999968736e+01,-2.542500000000019611e+01,-2.342499999999998650e+01,-2.082500000000002061e+01,-3.843749999999996447e+01
-3.341250000000015774e+01,-2.466249999999995524e+01,-4.768750000000004974e+01,-1.805000000000007176e+01,-3.192500000000038796e+01,-2.902500000000007674e+01
-4.791250000000041354e+01,-2.581250000000011369e+01,-4.358749999999979963e+01,-3.285000000000027853e+01,-4.732499999999899387e+01,-5.246249999999941593e+01
-2.276249999999994245e+01,-2.218750000000003908e+01,-2.063749999999993889e+01,-2.233750000000011227e+01,-2.083750000000001990e+01,-1.763749999999999574e+01
-5.301249999999970441e+01,-3.794999999999970441e+01,-3.897500000000025722e+01,-3.881249999999986500e+01,-3.498749999999974136e+01,-4.636250000000038796e+01
-4.666249999999958220e+01,-3.887500000000071054e+01,-2.788750000000028351e+01,-4.507499999999997442e+01,-3.891249999999999432e+01,-5.244999999999929230e+01
-3.966250000000030695e+01,-4.595000000000038654e+01,-5.689999999999966462e+01,-6.097499999999948272e+01,-5.743750000000009948e+01,-4.081250000000002842e+01
-1.645000000000003837e+01,-2.098749999999991189e+01,-1.899999999999996092e+01,-1.664999999999998082e+01,-1.628749999999995168e+01,-1.241249999999994280e+01
-2.746250000000026148e+01,-3.377499999999992042e+01,-1.551249999999993001e+01,-2.337500000000012434e+01,-2.622500000000002274e+01,-2.322500000000019682e+01
-2.171250000000010871e+01,-4.987500000000016698e+00,-2.879999999999983373e+01,-2.363749999999991402e+01,-1.123750000000000959e+01,-2.295000000000014850e+01
-2.475000000000023093e+01,-3.997499999999984510e+01,-3.768749999999993605e+01,-3.303750000000005826e+01,-3.133750000000020108e+01,-1.573749999999989058e+01
-1.898749999999996163e+01,-1.642500000000000071e+01,-1.677500000000004476e+01,-1.783750000000001279e+01,-1.222500000000001741e+01,-1.518749999999999289e+01
-2.007500000000004192e+01,-1.012500000000002665e+01,-2.772500000000000853e+01,-1.475000000000002309e+01,-1.648749999999996163e+01,-1.625000000000000355e+01
-3.092500000000026006e+01,-3.849999999999999289e+01,-2.203749999999986642e+01,-3.022500000000027498e+01,-3.396249999999992042e+01,-3.902499999999991331e+01
-3.803750000000032827e+01,-1.951249999999963336e+01,-4.078750000000002984e+01,-3.965000000000021885e+01,-3.718749999999997158e+01,-2.886249999999992610e+01
-2.650000000000007105e+01,-4.773749999999992610e+01,-2.758749999999979252e+01,-2.971250000000036096e+01,-2.725000000000014566e+01,-3.608750000000000568e+01
-3.950000000000004263e+01,-2.719999999999967599e+01,-4.523750000000047322e+01,-4.860000000000000853e+01,-4.925000000000029843e+01,-3.932500000000051443e+01
-4.757500000000077023e+01,-2.982499999999916795e+01,-4.103749999999995879e+01,-7.348749999999927240e+01,-7.998749999999935767e+01,-5.867500000000040217e+01
-1.510124999999963791e+02,-1.051249999999980815e+02,-7.756250000000400746e+01,-8.613749999999768647e+01,-6.997499999999924114e+01,-9.334999999999978115e+01
-2.916250000000012221e+01,-4.029999999999945004e+01,-4.862500000000031264e+01,-2.549999999999966960e+01,-4.996249999999999858e+01,-4.581249999999951683e+01
-5.691249999999925535e+01,-4.021250000000019753e+01,-1.911249999999989058e+01,-3.776250000000036522e+01,-3.340000000000004832e+01,-4.143750000000052580e+01
-6.371249999999898961e+01,-4.104999999999987637e+01,-5.587499999999938893e+01,-4.888750000000006679e+01,-4.763749999999999574e+01,-5.017499999999991900e+01
-3.236250000000018190e+01,-3.246250000000011227e+01,-3.951250000000003837e+01,-3.216250000000039222e+01,-2.601249999999993534e+01,-3.038749999999989271e+01
-1.566249999999990372e+01,-2.570000000000026219e+01,-1.927499999999970015e+01,-1.784999999999992326e+01,-3.850000000000009237e+01,-3.080000000000033467e+01
-6.751250000000015916e+01,-3.953749999999931930e+01,-6.994999999999976126e+01,-4.677500000000063807e+01,-7.604999999999817817e+01,-3.937500000000034106e+01
-1.674999999999996803e+01,-1.098749999999999361e+01,-1.589999999999999147e+01,-1.879999999999997229e+01,-2.107500000000007745e+01,-1.815000000000005542e+01
-5.606250000000071054e+01,-4.359999999999992326e+01,-1.516249999999988773e+01,-4.727499999999960778e+01,-3.532500000000084128e+01,-5.988750000000009521e+01
-3.042499999999983729e+01,-4.238750000000016627e+01,-3.732500000000020179e+01,-3.423750000000012506e+01,-4.138750000000021600e+01,-4.508749999999969305e+01
-4.439999999999970015e+01,-5.323749999999999005e+01,-4.647499999999943299e+01,-3.929999999999973426e+01,-4.741250000000000142e+01,-5.833750000000007674e+01
-1.948749999999980176e+01,-1.228749999999988418e+01,-4.304999999999976978e+01,-2.411250000000022098e+01,-3.640000000000007674e+01,-2.447499999999988418e+01
-5.098750000000040217e+01,-5.678749999999984510e+01,-1.808749999999923830e+01,-3.840000000000019043e+01,-4.870000000000015206e+01,-4.068750000000095923e+01
-2.338750000000022311e+01,-3.242499999999986215e+01,-1.321250000000002167e+01,-1.844999999999985008e+01,-1.600000000000000711e+01,-1.307499999999991047e+01
-5.589999999999943725e+01,-4.090000000000001990e+01,-5.319999999999985363e+01,-6.058749999999898961e+01,-3.186249999999977689e+01,-3.363749999999996021e+01
-2.248750000000006111e+01,-2.820000000000015916e+01,-2.447500000000006537e+01,-2.530000000000008598e+01,-2.387499999999993960e+01,-1.744999999999989271e+01
-2.876249999999960139e+01,-4.971250000000021885e+01,-4.069999999999983942e+01,-6.248749999999989768e+01,-4.171249999999987779e+01,-2.406250000000005684e+01
-2.495000000000003482e+01,-2.259999999999996234e+01,-2.315000000000001279e+01,-1.719999999999998863e+01,-2.123750000000012861e+01,-2.322500000000005471e+01
-4.422499999999936904e+01,-4.267500000000022453e+01,-6.184999999999977405e+01,-2.251249999999972573e+01,-3.140000000000012292e+01,-2.793749999999930367e+01
-5.607500000000007390e+01,-3.014999999999988489e+01,-3.812499999999953104e+01,-5.221250000000024016e+01,-5.097500000000065512e+01,-6.149999999999943867e+01
-2.711249999999949267e+01,-3.143750000000022382e+01,-2.483749999999961133e+01,-3.605000000000016769e+01,-3.012499999999990763e+01,-2.454999999999985150e+01
-5.285000000000098197e+01,-5.313750000000023732e+01,-6.943749999999934630e+01,-7.012499999999914735e+01,-9.566249999999888587e+01,-8.223749999999819238e+01
-5.152499999999960778e+01,-3.852499999999942304e+01,-6.732499999999905071e+01,-7.069999999999964757e+01,-5.034999999999971720e+01,-4.093749999999977263e+01
-2.972500000000010090e+01,-2.277500000000026503e+01,-2.582500000000015561e+01,-2.383749999999988489e+01,-2.257500000000023377e+01,-4.113750000000008100e+01
-2.877499999999931291e+01,-5.267500000000025295e+01,-4.091249999999973852e+01,-2.464999999999990976e+01,-4.136250000000042348e+01,-1.678749999999980247e+01
-8.417499999999976978e+01,-8.006249999999876366e+01,-4.257500000000003126e+01,-7.471249999999886882e+01,-3.316250000000033538e+01,-5.291249999999936193e+01
-4.331249999999970157e+01,-4.613750000000045048e+01,-5.466249999999983800e+01,-6.433750000000000568e+01,-5.286249999999910187e+01,-3.940000000000001279e+01
-3.222500000000034959e+01,-3.675000000000071765e+01,-2.124999999999974065e+01,-4.527499999999943014e+01,-2.831249999999953815e+01,-5.713749999999978968e+01
-1.413250000000012676e+02,-6.062500000000088107e+01,-1.118874999999981839e+02,-6.241249999999966747e+01,-1.033874999999959243e+02,-6.233749999999987068e+01
-5.757500000000034390e+01,-6.611249999999886029e+01,-6.361250000000011795e+01,-8.822499999999794795e+01,-5.620000000000017337e+01,-5.641250000000062670e+01
-2.727499999999952962e+01,-8.168750000000027001e+01,-3.481249999999980815e+01,-2.122499999999957154e+01,-3.581249999999923972e+01,-4.923750000000025295e+01
-4.808749999999977831e+01,-3.022499999999992681e+01,-4.038750000000028706e+01,-4.471249999999952962e+01,-4.606249999999965183e+01,-5.087499999999972999e+01
-1.155624999999979821e+02,-8.953749999999857323e+01,-9.024999999999886313e+01,-5.483750000000004832e+01,-8.248749999999776605e+01,-6.726250000000085549e+01
-4.971250000000038227e+01,-7.044999999999949125e+01,-5.242500000000109850e+01,-6.102499999999995595e+01,-6.961249999999884608e+01,-4.999999999999984368e+01
-6.489999999999911040e+01,-5.612500000000022027e+01,-5.081249999999990763e+01,-5.371249999999953673e+01,-3.858749999999967883e+01,-7.281249999999815259e+01
-4.436250000000020322e+01,-8.510000000000115961e+01,-4.955000000000107718e+01,-7.332500000000176499e+01,-5.151249999999986073e+01,-4.735000000000015064e+01
-1.271250000000000213e+01,-2.312500000000015632e+01,-2.911249999999980886e+01,-1.381250000000004974e+01,-2.363750000000001350e+01,-2.851249999999994245e+01
-2.187500000000002132e+01,-2.203749999999998366e+01,-1.763749999999996021e+01,-1.948750000000001492e+01,-2.227499999999998792e+01,-2.162500000000002132e+01
-6.454999999999883187e+01,-5.507499999999904361e+01,-4.700000000000039080e+01,-4.798750000000035953e+01,-4.314999999999967173e+01,-5.832500000000016627e+01
-2.950000000000040501e+01,-2.638750000000035456e+01,-2.592500000000003624e+01,-4.369999999999954099e+01,-3.943749999999987210e+01,-2.061249999999974136e+01
-4.137499999999945999e+01,-3.662500000000022737e+01,-5.281249999999868550e+01,-4.285000000000000142e+01,-2.596249999999976765e+01,-3.747500000000044196e+01
-1.032124999999976893e+02,-6.089999999999879776e+01,-5.788749999999944862e+01,-6.702499999999962199e+01,-1.448750000000040643e+02,-7.821250000000131308e+01
-4.532500000000050733e+01,-3.690000000000048175e+01,-7.121249999999960778e+01,-3.093749999999958433e+01,-4.202500000000047464e+01,-6.320000000000011653e+01
-6.436249999999984084e+01,-9.402500000000010516e+01,-1.299250000000003240e+02,-1.138499999999960579e+02,-9.152499999999830038e+01,-7.071250000000057412e+01
-1.311124999999986755e+02,-1.230999999999978485e+02,-1.163624999999945686e+02,-1.276874999999954952e+02,-8.058749999999839986e+01,-1.000499999999973113e+02
-1.148374999999961830e+02,-8.326250000000078444e+01,-8.112499999999926104e+01,-8.320000000000173657e+01,-1.266749999999992866e+02,-7.195000000000018758e+01
-6.302500000000056701e+01,-1.186500000000006594e+02,-5.571249999999969305e+01,-8.882499999999791385e+01,-5.445000000000022311e+01,-4.122499999999891429e+01
-4.066250000000066933e+01,-9.446250000000155467e+01,-7.305000000000016769e+01,-6.021249999999907487e+01,-3.286249999999959925e+01,-4.338750000000054996e+01
-5.429999999999957794e+01,-5.769999999999966178e+01,-6.008749999999979252e+01,-4.858749999999979963e+01,-5.409999999999931219e+01,-5.858749999999895408e+01
-1.318500000000005343e+02,-1.202249999999915957e+02,-9.096250000000127045e+01,-1.158374999999972061e+02,-9.729999999999793658e+01,-1.077749999999996930e+02
-7.451249999999926388e+01,-1.033749999999978826e+02,-7.687499999999846523e+01,-1.208749999999979536e+02,-9.874999999999873523e+01,-1.215374999999972374e+02
-5.978749999999994458e+01,-5.678750000000028564e+01,-6.343749999999995737e+01,-8.197499999999760689e+01,-6.487499999999987210e+01,-7.537499999999904787e+01
-8.117499999999851923e+01,-4.726249999999957652e+01,-4.929999999999862581e+01,-1.066999999999988802e+02,-7.761249999999812133e+01,-7.972500000000067644e+01
-8.909999999999708109e+01,-7.786249999999900240e+01,-1.949999999999961631e+01,-4.841250000000047038e+01,-1.012374999999972403e+02,-6.436250000000063665e+01
-3.839999999999976410e+01,-7.828749999999813269e+01,-7.547499999999931219e+01,-7.792499999999789395e+01,-7.083749999999901092e+01,-7.687499999999840838e+01
-3.728750000000049880e+01,-7.437500000000012790e+01,-5.295000000000094786e+01,-6.066249999999974563e+01,-3.972500000000060538e+01,-7.088749999999926388e+01
-6.698749999999991189e+01,-1.074624999999997215e+02,-5.527500000000061675e+01,-6.513749999999996021e+01,-7.261250000000153193e+01,-7.693749999999786837e+01
-5.178749999999967457e+01,-4.552500000000169678e+01,-8.168749999999764100e+01,-3.986250000000212168e+01,-9.162499999999903366e+01,-9.458749999999808722e+01
-5.778749999999952536e+01,-6.844999999999976126e+01,-5.873749999999943583e+01,-5.435000000000121645e+01,-7.233750000000246416e+01,-1.284750000000044281e+02
-2.146625000000087198e+02,-8.623750000000205773e+01,-1.051499999999991957e+02,-7.480000000000238458e+01,-9.778749999999770637e+01,-7.916250000000222542e+01
-1.099374999999964757e+02,-9.821250000000082991e+01,-9.951249999999821227e+01,-1.009999999999963620e+02,-8.952500000000235048e+01,-6.589999999999956515e+01
-7.789999999999986358e+01,-9.157500000000001705e+01,-1.289749999999921215e+02,-1.528374999999982720e+02,-7.772500000000185594e+01,-9.669999999999707541e+01
-1.517875000000028933e+02,-1.167624999999997186e+02,-7.901249999999700435e+01,-1.072124999999987551e+02,-1.229249999999990592e+02,-7.024999999999971578e+01
-1.166749999999998124e+02,-1.442375000000015746e+02,-1.511374999999962654e+02,-1.110749999999983970e+02,-6.741249999999941167e+01,-9.543749999999781153e+01
-1.002874999999961574e+02,-7.874999999999729994e+01,-6.748749999999954241e+01,-1.039749999999991701e+02,-8.864999999999810143e+01,-1.032375000000003951e+02
-9.786249999999674287e+01,-1.136750000000005514e+02,-4.277500000000063807e+01,-7.697499999999840270e+01,-7.387499999999886313e+01,-7.350000000000054001e+01
-1.035999999999986585e+02,-1.061124999999947960e+02,-1.111374999999997044e+02,-1.124625000000022936e+02,-1.585375000000005059e+02,-8.956250000000204636e+01
-1.139999999999999858e+01,-1.806249999999996447e+01,-1.881249999999993960e+01,-1.883749999999994884e+01,-1.884999999999994102e+01,-1.624999999999997868e+01
-1.155874999999990820e+02,-1.525624999999981242e+02,-6.851249999999919282e+01,-1.475750000000007276e+02,-1.231124999999933607e+02,-7.773750000000221405e+01
-1.622875000000037460e+02,-9.126250000000392504e+01,-9.512500000000324007e+01,-4.568750000000011369e+01,-1.335999999999954753e+02,-1.229624999999976467e+02
-6.301249999999996732e+01,-7.807499999999866702e+01,-7.258749999999821512e+01,-6.573749999999812133e+01,-4.867500000000043059e+01,-5.640000000000042490e+01
-8.818750000000565592e+01,-1.273249999999928121e+02,-1.082749999999955577e+02,-1.766874999999981242e+02,-1.211999999999938638e+02,-1.288249999999940769e+02
-6.772500000000218279e+01,-6.991250000000371756e+01,-1.370874999999932129e+02,-1.283625000000026546e+02,-7.657500000000121076e+01,-1.671750000000026262e+02
-6.886250000000470095e+01,-8.176250000000068496e+01,-1.449124999999962142e+02,-8.503750000000414389e+01,-1.727000000000098510e+02,-1.416499999999990678e+02
-1.387874999999948500e+02,-8.291250000000319176e+01,-1.615000000000064801e+02,-1.062624999999978854e+02,-1.144750000000004349e+02,-7.413750000000112550e+01
-1.615124999999989654e+02,-8.662499999999755573e+01,-1.136874999999972005e+02,-1.501000000000005627e+02,-1.488624999999962597e+02,-1.293874999999951001e+02
-9.892500000000029559e+01,-1.298499999999949637e+02,-6.647499999999976694e+01,-1.173500000000057781e+02,-1.159999999999937472e+02,-8.113750000000376872e+01
-1.525874999999970498e+02,-6.901250000000307239e+01,-9.301250000000574403e+01,-1.000750000000016371e+02,-1.442874999999931163e+02,-1.483499999999985732e+02
-1.474749999999988574e+02,-1.417124999999977035e+02,-8.003750000000404441e+01,-1.169375000000025580e+02,-9.432500000000533191e+01,-1.767500000000027001e+02
-9.512500000000720490e+01,-1.444500000000006708e+02,-1.102750000000004604e+02,-9.467499999999853344e+01,-1.649374999999998863e+02,-1.371499999999940655e+02
-1.476249999999955378e+02,-1.067125000000038000e+02,-1.651000000000103398e+02,-8.713750000000496243e+01,-1.399249999999950944e+02,-4.316250000000118092e+01
-2.812499999999977351e+00,-2.643749999999995381e+01,3.599999999999992095e+00,-2.466249999999991260e+01,-1.787500000000004619e+01,-1.562500000000034417e+00
-3.770000000000000284e+01,-1.893749999999998579e+01,-2.331250000000015632e+01,-2.673750000000002558e+01,-1.656250000000006395e+01,-1.467499999999999005e+01
-1.007499999999999396e+01,-9.612499999999995381e+00,-6.099999999999988987e+00,-1.999999999999996891e+00,-1.007500000000002593e+01,-9.824999999999997513e+00
-1.187500000000001332e+00,-5.337500000000003020e+00,-4.512500000000001066e+00,-1.737500000000004041e+00,-1.150000000000002576e+00,-8.125000000000018874e-01
1.274999999999998135e+00,-3.825000000000005507e+00,-7.112500000000004263e+00,9.124999999999987566e-01,-6.212500000000002132e+00,2.749999999999930833e-01
-5.275000000000004796e+00,-4.950000000000001066e+00,-4.887500000000002842e+00,-4.262500000000000178e+00,-4.924999999999999822e+00,-8.250000000000012879e-01
-3.587500000000004796e+00,1.999999999999959588e-01,-2.887499999999994849e+00,-2.525000000000001243e+00,-7.812500000000007994e+00,-7.950000000000009059e+00
-2.150000000000001243e+00,2.074999999999997513e+00,-1.325000000000001288e+00,2.212499999999999911e+00,-5.875000000000006217e+00,2.187499999999997335e+00
-6.475000000000002309e+00,-6.812499999999995559e+00,-7.500000000000005329e+00,-2.987500000000002043e+00,-2.587500000000001243e+00,1.349999999999998757e+00
1.574999999999997513e+00,-3.562499999999996891e+00,-2.562500000000002220e+00,-2.650000000000003464e+00,-2.075000000000002842e+00,-1.962500000000004130e+00
-2.837500000000000799e+00,-5.599999999999994316e+00,2.049999999999998046e+00,-5.837499999999994138e+00,-6.574999999999997513e+00,-6.374999999999999112e+00
-7.599999999999997868e+00,-2.262499999999999289e+00,-1.200000000000001288e+00,-1.212500000000001243e+00,-1.762500000000000844e+00,-2.512500000000005951e+00
-7.800000000000016698e+00,4.375000000000011657e-01,-6.174999999999998046e+00,-5.987500000000000711e+00,-6.412500000000013856e+00,-1.850000000000004974e+00
2.624999999999999112e+00,-4.937500000000000888e+00,-5.362500000000001599e+00,-5.112500000000004263e+00,-5.037500000000002309e+00,-5.137500000000003730e+00
-4.237500000000000711e+00,-5.187499999999999112e+00,-1.462500000000003686e+00,-7.750000000000001332e-01,2.862499999999998046e+00,-1.250000000000003775e+00
-2.025000000000001243e+00,-2.750000000000000000e+00,-1.912500000000000311e+00,-6.512500000000000178e+00,-6.825000000000004619e+00,-1.887499999999999956e+00
-1.750000000000003553e+00,-5.624999999999999112e+00,-6.037500000000000533e+00,-4.750000000000000000e+00,1.899999999999998135e+00,-2.862500000000000711e+00
-3.123000000000019440e+02,-4.268750000000073896e+01,-4.560000000000018616e+01,-1.619124999999999091e+02,-1.389375000000002842e+02,-5.854999999999965610e+01
-2.337500000000001243e+00,-4.975000000000012079e+00,-4.969999999999983231e+01,-6.037500000000015632e+00,-3.493749999999999289e+01,-3.046250000000024016e+01
2.699999999999997513e+00,-2.287500000000004086e+00,4.637499999999997513e+00,2.537499999999999645e+00,-5.487500000000011369e+00,4.487499999999993605e+00
5.375000000000002665e+00,-6.037499999999998757e+00,-6.199999999999999289e+00,-5.637499999999996625e+00,-2.937500000000006217e+00,-3.087500000000000799e+00
-2.975000000000004974e+00,-7.749999999999998224e+00,-6.599999999999995204e+00,-3.937500000000003997e+00,-5.862499999999998046e+00,-6.862499999999994493e+00
-9.037500000000001421e+00,-4.887500000000006395e+00,-3.475000000000004974e+00,-2.337500000000002132e+00,-7.574999999999992184e+00,1.249999999999998446e+00
-4.999999999999997335e+00,1.624999999999993561e+00,-3.674999999999995381e+00,-4.362500000000010481e+00,-6.275000000000005684e+00,-5.762499999999997513e+00
-1.512499999999999734e+00,-4.775000000000006573e+00,5.899999999999995914e+00,-1.562499999999999556e+00,-6.624999999999999778e-01,-5.050000000000005151e+00
1.338750000000000107e+01,-5.899999999999998579e+00,-1.237500000000000488e+00,-5.062500000000001776e+00,-1.637500000000001954e+00,-5.587499999999997691e+00
-4.250000000000018763e-01,-5.375000000000009770e-01,-8.025000000000000355e+00,-4.725000000000004086e+00,-8.274999999999996803e+00,4.399999999999992362e+00
-2.400000000000002132e+00,-6.862500000000005151e+00,-6.787500000000003197e+00,-6.750000000000002665e+00,-5.674999999999999822e+00,-2.800000000000002043e+00
-1.450000000000002398e+00,-5.525000000000000355e+00,-5.275000000000000355e+00,-1.312500000000000222e+00,-4.912499999999992539e+00,-2.225000000000003197e+00
-6.873749999999971294e+01,-4.917499999999972715e+01,-1.968750000000001776e+01,-6.712500000000020783e+00,-1.512500000000037925e+00,-2.373750000000017835e+01
1.199999999999994627e+00,-5.775000000000001243e+00,-5.174999999999999822e+00,-5.362499999999998934e+00,-5.399999999999996803e+00,-1.337500000000000133e+00
-1.612499999999983835e+00,3.487500000000014033e+00,-1.818750000000010303e+01,-8.825000000000050804e+00,-2.703750000000005471e+01,-1.292499999999999538e+01
-1.507499999999996909e+01,-1.518750000000007994e+01,-1.602500000000000213e+01,-2.162499999999997424e+00,-1.512500000000003197e+01,-1.163749999999999396e+01
-5.362500000000004263e+00,-3.574999999999998845e+00,-7.750000000000013323e+00,-3.825000000000005063e+00,-7.425000000000011369e+00,-8.625000000000051514e-01
-3.112500000000004263e+00,9.374999999999973355e-01,7.849999999999995204e+00,-3.587500000000003464e+00,-1.950000000000000844e+00,-6.800000000000002487e+00
-4.487500000000002487e+00,-3.250000000000027311e-01,-9.125000000000014211e-01,-1.675000000000001599e+00,-1.387500000000002620e+00,-5.337500000000003020e+00
-5.587500000000008349e+00,-9.375000000000004441e-01,-8.324999999999988631e+00,-1.975000000000001421e+00,-3.550000000000002931e+00,-2.700000000000009059e+00
-8.375000000000005773e-01,3.062499999999998224e+00,-1.375000000000001332e+00,-4.687499999999999112e+00,-9.250000000000017097e-01,-1.225000000000002309e+00
-2.850000000000002309e+00,-6.412499999999993427e+00,1.424999999999999600e+00,-3.100000000000000533e+00,-3.512500000000003730e+00,-5.887499999999998401e+00
-5.837499999999971045e+00,-3.372499999999999432e+01,-1.281250000000007283e+01,-7.825000000000006395e+00,-1.237500000000004263e+00,-3.398750000000008953e+01
-5.762500000000004619e+00,-1.550000000000004485e+00,-4.800000000000005151e+00,-1.500000000000000222e+00,-2.124999999999999556e+00,-5.400000000000002132e+00
2.274999999999999911e+00,-1.750000000000003109e+00,-5.474999999999997868e+00,-1.937500000000002220e+00,-1.512499999999998401e+00,-1.400000000000003242e+00
-5.387499999999999289e+00,-2.050000000000003819e+00,-5.312499999999996447e+00,-1.825000000000001510e+00,1.637499999999999956e+00,-5.612500000000003375e+00
1.949999999999999734e+00,-1.862500000000002265e+00,-2.737500000000002487e+00,-5.225000000000000533e+00,-3.312500000000003997e+00,-6.275000000000001243e+00
-4.487500000000003375e+00,-3.500000000000000000e+00,-6.649999999999999467e+00,-7.687500000000002665e+00,-2.849999999999999645e+00,-3.725000000000004974e+00
-2.175000000000002931e+00,-2.700000000000000622e+00,-5.949999999999996625e+00,-2.287500000000000533e+00,-6.849999999999995204e+00,-2.312499999999996447e+00
-3.174999999999998934e+00,-2.800000000000000266e+00,-6.137499999999993072e+00,-7.437500000000005329e+00,-2.050000000000001155e+00,-1.624999999999999112e+00
1.249999999999751310e-02,-3.637500000000003730e+00,7.249999999999963141e-01,-6.687499999999996447e+00,-6.824999999999992184e+00,-6.012500000000001066e+00
-8.975000000000001421e+00,-6.750000000000067057e-01,-4.425000000000005151e+00,-1.062500000000000888e+00,-4.837500000000005684e+00,-3.625000000000014322e-01
-5.075000000000001066e+00,-5.450000000000000178e+00,-5.349999999999997868e+00,-5.750000000000000888e+00,-1.175000000000002043e+00,-1.550000000000002931e+00
5.924999999999992717e+00,-1.737500000000000711e+00,1.224999999999997202e+00,-4.775000000000007461e+00,-3.537500000000004974e+00,-1.537500000000000755e+00
-4.812500000000000888e+00,-5.025000000000001243e+00,-1.112500000000002709e+00,2.724999999999998312e+00,-5.050000000000001599e+00,-4.837500000000002132e+00
-6.562499999999995559e+00,-2.725000000000001865e+00,-2.850000000000003197e+00,-6.224999999999996980e+00,-2.712500000000002576e+00,1.725000000000002087e+00
-1.312500000000002442e+00,-2.600000000000001865e+00,-6.762500000000000178e+00,-4.600000000000007638e+00,-5.374999999999992006e+00,-2.162500000000005418e+00
8.999999999999948042e-01,-6.450000000000001954e+00,-6.687500000000010658e+00,-3.799999999999998046e+00,-3.300000000000006040e+00,-7.075000000000007283e+00
-5.949999999999993072e+00,-6.512499999999997513e+00,-5.750000000000000000e+00,-6.224999999999996092e+00,2.137499999999999289e+00,1.962500000000000355e+00
-6.900000000000005684e+00,8.987500000000000711e+00,-1.574999999999999956e+00,-2.137500000000002398e+00,-1.737500000000002043e+00,-7.775000000000006573e+00
-5.924999999999998046e+00,-5.212499999999995026e+00,1.724999999999996536e+00,-1.862500000000002931e+00,-9.625000000000060174e-01,1.399999999999998801e+00
-7.462499999999998579e+00,-7.087499999999995914e+00,-6.124999999999993783e+00,-6.424999999999997158e+00,-6.349999999999995204e+00,1.387499999999996625e+00
-8.737500000000013145e+00,-3.875000000000022871e-01,-9.999999999999991118e-01,-4.687500000000000888e+00,-1.587500000000002576e+00,-7.575000000000009059e+00
-5.900000000000000355e+00,7.749999999999970246e-01,-3.250000000000004552e-01,-6.237499999999994493e+00,1.137499999999999067e+00,-2.600000000000000977e+00
-5.375000000000000000e+00,-1.400000000000001243e+00,-5.662499999999994316e+00,-1.862500000000002487e+00,-5.025000000000006573e+00,-2.262499999999999734e+00
2.149999999999999911e+00,-5.037499999999996980e+00,-5.287500000000000533e+00,-2.162500000000002753e+00,-7.875000000000010880e-01,-4.987499999999994493e+00
-5.212499999999996803e+00,-5.812500000000000000e+00,9.274999999999998579e+00,-6.375000000000000000e+00,-1.525000000000002798e+00,-2.500000000000004441e+00
-1.399999999999999023e+00,-1.224999999999999867e+00,2.599999999999997868e+00,-1.687500000000001110e+00,-1.125000000000001998e+00,-4.812500000000001776e+00
-1.662500000000002309e+00,-1.975000000000002531e+00,-1.425000000000000044e+00,-5.687500000000000000e+00,-5.625000000000000888e+00,-4.275000000000001243e+00
-2.437500000000002665e+00,-6.462500000000003020e+00,-1.887500000000001066e+00,-1.749999999999996447e+00,2.462499999999997691e+00,-2.312500000000001776e+00
-6.625000000000036415e-01,-4.175000000000003375e+00,2.274999999999995026e+00,-9.799999999999998934e+00,-4.787500000000004974e+00,-4.112500000000000711e+00
-6.899999999999994138e+00,-6.924999999999994493e+00,-7.225000000000001421e+00,-2.650000000000000799e+00,-2.775000000000002576e+00,5.549999999999997158e+00
-1.737499999999998490e+00,-5.624999999999997335e+00,-5.212499999999997691e+00,-4.974999999999997868e+00,-2.200000000000004619e+00,2.787499999999997868e+00
-2.475000000000002753e+00,-2.975000000000007194e+00,-1.900000000000001910e+00,-5.574999999999998401e+00,-1.687500000000001554e+00,-1.587500000000001243e+00
-5.174999999999998934e+00,-1.312500000000001998e+00,-1.375000000000002220e+00,2.824999999999999734e+00,-4.974999999999996980e+00,-1.137500000000001954e+00
-2.049999999999999822e+00,-4.987500000000006040e+00,-2.487500000000001599e+00,-1.574999999999999734e+00,-1.412500000000001865e+00,-1.162500000000000311e+00
1.499999999999954148e-01,-6.587499999999991473e+00,-2.899999999999995026e+00,-2.375000000000044298e-01,-7.212499999999998579e+00,-7.087499999999996803e+00
-3.012500000000007727e+00,-2.087500000000007461e+00,-2.987499999999998490e+00,-6.087500000000003908e+00,-1.097500000000000320e+01,-1.787500000000002531e+00
