2.501000000000000000e+03
5.002000000000000000e+03
7.503000000000000000e+03
1.000400000000000000e+04
1.250500000000000000e+04
1.500600000000000000e+04
1.750700000000000000e+04
2.000800000000000000e+04
2.250900000000000000e+04
2.501000000000000000e+04
2.751100000000000000e+04
3.001200000000000000e+04
3.251300000000000000e+04
3.501400000000000000e+04
3.751500000000000000e+04
4.001600000000000000e+04
4.251700000000000000e+04
4.501800000000000000e+04
4.751900000000000000e+04
5.002000000000000000e+04
5.252100000000000000e+04
5.502200000000000000e+04
5.752300000000000000e+04
6.002400000000000000e+04
6.252500000000000000e+04
6.502600000000000000e+04
6.752700000000000000e+04
7.002800000000000000e+04
7.252900000000000000e+04
7.503000000000000000e+04
7.753100000000000000e+04
8.003200000000000000e+04
8.253300000000000000e+04
8.503400000000000000e+04
8.753500000000000000e+04
9.003600000000000000e+04
9.253700000000000000e+04
9.503800000000000000e+04
9.753900000000000000e+04
1.000400000000000000e+05
1.025410000000000000e+05
1.050420000000000000e+05
1.075430000000000000e+05
1.100440000000000000e+05
1.125450000000000000e+05
1.150460000000000000e+05
1.175470000000000000e+05
1.200480000000000000e+05
1.225490000000000000e+05
1.250500000000000000e+05
1.275510000000000000e+05
1.300520000000000000e+05
1.325530000000000000e+05
1.350540000000000000e+05
1.375550000000000000e+05
1.400560000000000000e+05
1.425570000000000000e+05
1.450580000000000000e+05
1.475590000000000000e+05
1.500600000000000000e+05
1.525610000000000000e+05
1.550620000000000000e+05
1.575630000000000000e+05
1.600640000000000000e+05
1.612430000000000000e+05
1.637440000000000000e+05
1.662450000000000000e+05
1.680290000000000000e+05
1.683970000000000000e+05
1.708980000000000000e+05
1.733990000000000000e+05
1.759000000000000000e+05
1.784010000000000000e+05
1.809020000000000000e+05
1.834030000000000000e+05
1.859040000000000000e+05
1.884050000000000000e+05
1.909060000000000000e+05
1.920930000000000000e+05
1.930340000000000000e+05
1.933790000000000000e+05
1.957010000000000000e+05
1.982020000000000000e+05
1.994950000000000000e+05
2.000680000000000000e+05
2.006000000000000000e+05
2.031010000000000000e+05
2.049600000000000000e+05
2.054430000000000000e+05
2.060130000000000000e+05
2.065070000000000000e+05
2.076070000000000000e+05
2.077170000000000000e+05
2.097350000000000000e+05
2.122360000000000000e+05
2.141330000000000000e+05
2.166340000000000000e+05
2.167430000000000000e+05
2.192440000000000000e+05
2.193720000000000000e+05
2.218730000000000000e+05
2.220670000000000000e+05
2.222280000000000000e+05
2.223440000000000000e+05
2.224610000000000000e+05
2.225900000000000000e+05
2.230370000000000000e+05
2.235100000000000000e+05
2.236400000000000000e+05
2.250610000000000000e+05
2.251740000000000000e+05
2.252650000000000000e+05
2.254280000000000000e+05
2.259280000000000000e+05
2.260420000000000000e+05
2.261230000000000000e+05
2.262200000000000000e+05
2.264710000000000000e+05
2.265760000000000000e+05
2.267010000000000000e+05
2.276760000000000000e+05
2.277700000000000000e+05
2.278490000000000000e+05
2.280620000000000000e+05
2.282040000000000000e+05
2.283160000000000000e+05
2.284390000000000000e+05
2.285080000000000000e+05
2.286300000000000000e+05
2.288200000000000000e+05
2.289940000000000000e+05
2.291070000000000000e+05
2.292670000000000000e+05
2.293680000000000000e+05
2.295100000000000000e+05
2.296860000000000000e+05
2.299250000000000000e+05
2.300710000000000000e+05
2.301630000000000000e+05
2.303040000000000000e+05
2.310720000000000000e+05
2.312210000000000000e+05
2.314610000000000000e+05
2.315730000000000000e+05
2.316550000000000000e+05
2.317240000000000000e+05
2.319700000000000000e+05
2.321740000000000000e+05
2.323020000000000000e+05
2.333200000000000000e+05
2.335100000000000000e+05
2.336080000000000000e+05
2.337920000000000000e+05
2.338880000000000000e+05
2.341330000000000000e+05
2.342580000000000000e+05
2.343740000000000000e+05
2.347850000000000000e+05
2.349560000000000000e+05
2.352420000000000000e+05
2.353660000000000000e+05
2.354930000000000000e+05
2.365610000000000000e+05
2.371030000000000000e+05
2.372180000000000000e+05
2.373670000000000000e+05
2.374690000000000000e+05
2.375550000000000000e+05
2.376790000000000000e+05
2.378970000000000000e+05
2.379870000000000000e+05
2.382640000000000000e+05
2.383700000000000000e+05
2.385680000000000000e+05
2.389930000000000000e+05
2.391520000000000000e+05
2.393890000000000000e+05
2.396010000000000000e+05
2.397560000000000000e+05
2.401200000000000000e+05
2.402350000000000000e+05
2.403670000000000000e+05
2.407590000000000000e+05
2.408770000000000000e+05
2.409760000000000000e+05
2.411440000000000000e+05
2.414340000000000000e+05
2.417270000000000000e+05
2.418870000000000000e+05
2.420850000000000000e+05
2.423690000000000000e+05
2.424900000000000000e+05
2.427740000000000000e+05
2.432800000000000000e+05
2.433890000000000000e+05
2.435080000000000000e+05
2.437380000000000000e+05
2.438140000000000000e+05
2.439190000000000000e+05
2.441050000000000000e+05
2.443400000000000000e+05
2.445370000000000000e+05
2.446700000000000000e+05
2.452520000000000000e+05
2.454280000000000000e+05
2.455400000000000000e+05
2.458000000000000000e+05
2.459050000000000000e+05
2.464220000000000000e+05
2.465840000000000000e+05
2.466720000000000000e+05
2.473460000000000000e+05
2.474610000000000000e+05
2.475560000000000000e+05
2.477110000000000000e+05
2.479990000000000000e+05
2.505000000000000000e+05
2.530010000000000000e+05
2.555020000000000000e+05
2.580030000000000000e+05
2.597930000000000000e+05
2.601300000000000000e+05
2.605500000000000000e+05
2.607530000000000000e+05
2.608900000000000000e+05
2.611290000000000000e+05
2.615040000000000000e+05
2.617100000000000000e+05
2.623620000000000000e+05
2.625300000000000000e+05
2.627380000000000000e+05
2.631230000000000000e+05
2.641170000000000000e+05
2.642500000000000000e+05
2.645120000000000000e+05
2.647200000000000000e+05
2.649660000000000000e+05
2.651810000000000000e+05
2.659600000000000000e+05
2.661530000000000000e+05
2.663850000000000000e+05
2.666430000000000000e+05
2.667600000000000000e+05
2.670070000000000000e+05
2.675110000000000000e+05
2.678750000000000000e+05
2.681980000000000000e+05
2.684300000000000000e+05
2.685930000000000000e+05
2.687370000000000000e+05
2.692430000000000000e+05
2.700060000000000000e+05
2.705390000000000000e+05
2.711280000000000000e+05
2.714120000000000000e+05
2.718310000000000000e+05
2.720440000000000000e+05
2.723040000000000000e+05
2.724520000000000000e+05
2.726140000000000000e+05
2.729290000000000000e+05
2.731910000000000000e+05
2.733890000000000000e+05
2.739330000000000000e+05
2.742820000000000000e+05
2.744890000000000000e+05
2.752680000000000000e+05
2.753900000000000000e+05
2.757920000000000000e+05
2.762090000000000000e+05
2.768940000000000000e+05
2.772810000000000000e+05
2.776500000000000000e+05
2.781490000000000000e+05
2.786970000000000000e+05
2.788950000000000000e+05
2.792450000000000000e+05
2.794430000000000000e+05
2.797220000000000000e+05
2.801720000000000000e+05
2.803100000000000000e+05
2.808000000000000000e+05
2.809880000000000000e+05
2.814300000000000000e+05
2.823170000000000000e+05
2.825470000000000000e+05
2.826930000000000000e+05
2.828410000000000000e+05
2.831320000000000000e+05
2.834050000000000000e+05
2.844570000000000000e+05
2.853340000000000000e+05
2.855650000000000000e+05
2.859140000000000000e+05
2.860850000000000000e+05
2.867200000000000000e+05
2.872710000000000000e+05
2.874430000000000000e+05
2.881110000000000000e+05
2.884080000000000000e+05
2.888630000000000000e+05
2.891950000000000000e+05
2.916960000000000000e+05
2.919190000000000000e+05
2.924190000000000000e+05
2.932150000000000000e+05
2.936140000000000000e+05
2.952560000000000000e+05
2.955360000000000000e+05
2.962610000000000000e+05
2.965630000000000000e+05
2.967220000000000000e+05
2.973000000000000000e+05
2.977880000000000000e+05
2.981700000000000000e+05
2.984220000000000000e+05
2.989420000000000000e+05
2.992650000000000000e+05
2.996640000000000000e+05
3.004210000000000000e+05
3.009790000000000000e+05
3.014710000000000000e+05
3.020170000000000000e+05
3.023750000000000000e+05
3.034980000000000000e+05
3.041230000000000000e+05
3.047990000000000000e+05
3.054440000000000000e+05
3.064750000000000000e+05
3.068150000000000000e+05
3.078590000000000000e+05
3.087170000000000000e+05
3.098100000000000000e+05
3.101030000000000000e+05
3.105640000000000000e+05
3.109200000000000000e+05
3.115730000000000000e+05
3.118070000000000000e+05
3.121660000000000000e+05
3.127330000000000000e+05
3.135270000000000000e+05
3.141020000000000000e+05
3.150840000000000000e+05
3.166220000000000000e+05
3.191230000000000000e+05
3.198750000000000000e+05
3.207500000000000000e+05
3.219420000000000000e+05
3.226090000000000000e+05
3.231460000000000000e+05
3.243950000000000000e+05
3.246680000000000000e+05
3.255730000000000000e+05
3.263230000000000000e+05
3.274550000000000000e+05
3.280230000000000000e+05
3.291920000000000000e+05
3.295640000000000000e+05
3.305470000000000000e+05
3.309920000000000000e+05
3.319400000000000000e+05
3.322690000000000000e+05
3.331920000000000000e+05
3.343310000000000000e+05
3.350060000000000000e+05
3.366280000000000000e+05
3.376250000000000000e+05
3.380810000000000000e+05
3.389050000000000000e+05
3.402950000000000000e+05
3.413770000000000000e+05
3.421560000000000000e+05
3.444700000000000000e+05
3.459550000000000000e+05
3.471040000000000000e+05
3.478810000000000000e+05
3.499830000000000000e+05
3.511710000000000000e+05
3.525110000000000000e+05
3.536530000000000000e+05
3.540080000000000000e+05
3.542720000000000000e+05
3.553580000000000000e+05
3.558860000000000000e+05
3.567300000000000000e+05
3.586460000000000000e+05
3.595090000000000000e+05
3.614910000000000000e+05
3.639920000000000000e+05
3.662940000000000000e+05
3.679810000000000000e+05
3.692200000000000000e+05
3.702780000000000000e+05
3.727790000000000000e+05
3.748580000000000000e+05
3.760600000000000000e+05
3.775810000000000000e+05
3.791530000000000000e+05
3.805300000000000000e+05
3.815620000000000000e+05
3.833760000000000000e+05
3.849000000000000000e+05
3.865410000000000000e+05
3.890420000000000000e+05
3.910860000000000000e+05
3.935870000000000000e+05
3.960880000000000000e+05
3.985890000000000000e+05
4.005930000000000000e+05
4.024080000000000000e+05
4.049090000000000000e+05
4.051080000000000000e+05
4.076090000000000000e+05
4.101100000000000000e+05
4.113070000000000000e+05
4.138080000000000000e+05
4.163090000000000000e+05
4.188100000000000000e+05
4.213110000000000000e+05
4.238120000000000000e+05
4.263130000000000000e+05
4.287940000000000000e+05
4.312950000000000000e+05
4.337960000000000000e+05
4.362970000000000000e+05
4.367720000000000000e+05
4.374780000000000000e+05
4.376880000000000000e+05
4.377480000000000000e+05
4.378410000000000000e+05
4.378980000000000000e+05
4.379930000000000000e+05
4.380570000000000000e+05
4.381490000000000000e+05
4.382290000000000000e+05
4.383090000000000000e+05
4.383870000000000000e+05
4.385240000000000000e+05
4.385800000000000000e+05
4.386380000000000000e+05
4.387200000000000000e+05
4.387970000000000000e+05
4.412980000000000000e+05
4.419570000000000000e+05
4.420370000000000000e+05
4.421150000000000000e+05
4.422090000000000000e+05
4.423170000000000000e+05
4.424200000000000000e+05
4.424850000000000000e+05
4.425570000000000000e+05
4.426630000000000000e+05
4.427460000000000000e+05
4.428140000000000000e+05
4.436360000000000000e+05
4.437070000000000000e+05
4.441880000000000000e+05
4.445120000000000000e+05
4.446210000000000000e+05
4.447060000000000000e+05
4.447660000000000000e+05
4.448930000000000000e+05
4.449480000000000000e+05
4.450360000000000000e+05
4.455300000000000000e+05
4.455940000000000000e+05
4.456610000000000000e+05
4.457290000000000000e+05
4.458090000000000000e+05
4.459080000000000000e+05
4.459920000000000000e+05
4.460830000000000000e+05
4.461740000000000000e+05
4.462820000000000000e+05
4.463510000000000000e+05
4.464330000000000000e+05
4.464900000000000000e+05
4.465830000000000000e+05
4.466660000000000000e+05
4.467600000000000000e+05
4.468450000000000000e+05
4.469270000000000000e+05
4.470020000000000000e+05
4.470880000000000000e+05
4.471970000000000000e+05
4.472860000000000000e+05
4.473630000000000000e+05
4.474270000000000000e+05
4.475010000000000000e+05
4.475650000000000000e+05
4.476330000000000000e+05
4.477090000000000000e+05
4.478190000000000000e+05
4.479130000000000000e+05
4.479800000000000000e+05
4.480580000000000000e+05
4.481220000000000000e+05
4.481920000000000000e+05
4.482890000000000000e+05
4.484400000000000000e+05
